Position x, Position y, Velocity x, Velocity y
1.0000, 0.0000, 0.0000, 0.0000, 0.0000
1.0000, 0.0000, 0.0000, 0.0000, 0.0134
1.0000, 0.0000, 0.0000, 0.0000, 0.0300
1.0000, 0.0000, 0.0000, 0.0000, 0.0465
1.0000, 0.0000, 0.0000, 0.0000, 0.0631
1.0000, 0.0000, 0.0000, 0.0000, 0.0797
1.0000, 0.0000, 0.0000, 0.0000, 0.0816
1.0000, 0.0000, 0.0000, 0.0000, 0.0984
1.0000, 0.0000, 0.0000, 0.0000, 0.1148
1.0000, 0.0000, 0.0000, 0.0000, 0.1166
1.0000, 0.0000, 0.0000, 0.0000, 0.1334
1.0000, 0.0000, 0.0000, 0.0000, 0.1500
1.0000, 0.0000, 0.0000, 0.0000, 0.1519
1.0000, 0.0000, 0.0000, 0.0000, 0.1686
1.0000, 0.0000, 0.0000, 0.0000, 0.1851
1.0000, 0.0000, 0.0000, 0.0000, 0.1871
1.0000, 0.0000, 0.0000, 0.0000, 0.2038
1.0000, 0.0000, 0.0000, 0.0000, 0.2204
1.0000, 0.0000, 0.0000, 0.0000, 0.2232
1.0000, 0.0000, 0.0000, 0.0000, 0.2397
1.0000, 0.0000, 0.0000, 0.0000, 0.2426
1.0000, 0.0000, 0.0000, 0.0000, 0.2590
1.0000, 0.0000, 0.0000, 0.0000, 0.2618
1.0000, 0.0000, -0.0001, 0.0000, 0.2782
0.9999, 0.0000, -0.0007, 0.0000, 0.2803
0.9998, 0.0000, -0.0007, 0.0000, 0.2969
0.9996, 0.0000, -0.0011, 0.0000, 0.3139
0.9992, 0.0000, -0.0019, 0.0000, 0.3162
0.9992, 0.0000, -0.0020, 0.0000, 0.3329
0.9987, 0.0000, -0.0025, 0.0000, 0.3359
0.9986, 0.0000, -0.0026, 0.0000, 0.3523
0.9979, 0.0000, -0.0035, 0.0000, 0.3555
0.9978, 0.0000, -0.0036, 0.0000, 0.3719
0.9968, 0.0000, -0.0046, 0.0000, 0.3740
0.9967, 0.0000, -0.0047, 0.0000, 0.3908
0.9957, 0.0000, -0.0052, 0.0000, 0.4073
0.9946, 0.0000, -0.0054, 0.0000, 0.4104
0.9944, 0.0000, -0.0056, 0.0000, 0.4268
0.9932, 0.0000, -0.0061, 0.0000, 0.4289
0.9930, 0.0000, -0.0062, 0.0000, 0.4457
0.9917, 0.0000, -0.0064, 0.0000, 0.4622
0.9905, 0.0000, -0.0063, 0.0000, 0.4644
0.9903, 0.0000, -0.0063, 0.0000, 0.4815
0.9890, 0.0000, -0.0067, 0.0000, 0.4988
0.9876, 0.0000, -0.0069, 0.0000, 0.5141
0.9863, 0.0000, -0.0068, 0.0000, 0.5309
0.9850, 0.0000, -0.0066, 0.0000, 0.5478
0.9835, 0.0000, -0.0075, 0.0000, 0.5641
0.9819, 0.0000, -0.0079, 0.0000, 0.5809
0.9802, 0.0000, -0.0086, 0.0000, 0.5970
0.9784, 0.0000, -0.0089, 0.0000, 0.6140
0.9765, 0.0000, -0.0095, 0.0000, 0.6307
0.9744, 0.0000, -0.0109, 0.0000, 0.6331
0.9740, 0.0000, -0.0110, 0.0000, 0.6503
0.9715, 0.0000, -0.0122, 0.0000, 0.6524
0.9711, 0.0000, -0.0123, 0.0000, 0.6695
0.9685, 0.0000, -0.0133, 0.0000, 0.6717
0.9681, 0.0000, -0.0134, 0.0000, 0.6885
0.9653, 0.0000, -0.0137, 0.0000, 0.6906
0.9649, 0.0000, -0.0137, 0.0000, 0.7077
0.9621, 0.0000, -0.0141, 0.0000, 0.7239
0.9594, 0.0000, -0.0140, 0.0000, 0.7271
0.9588, 0.0000, -0.0141, 0.0000, 0.7436
0.9560, 0.0000, -0.0142, 0.0000, 0.7457
0.9556, 0.0000, -0.0142, 0.0000, 0.7624
0.9528, 0.0000, -0.0139, 0.0000, 0.7793
0.9501, 0.0000, -0.0140, 0.0000, 0.7815
0.9496, 0.0000, -0.0140, 0.0000, 0.7983
0.9469, 0.0000, -0.0136, 0.0000, 0.8007
0.9465, 0.0000, -0.0136, 0.0000, 0.8174
0.9439, 0.0000, -0.0130, 0.0000, 0.8198
0.9435, 0.0000, -0.0129, 0.0000, 0.8364
0.9411, 0.0000, -0.0121, 0.0000, 0.8535
0.9387, 0.0000, -0.0120, 0.0000, 0.8559
0.9383, 0.0000, -0.0119, 0.0000, 0.8726
0.9360, 0.0000, -0.0115, 0.0000, 0.8747
0.9357, 0.0000, -0.0114, 0.0000, 0.8914
0.9335, 0.0000, -0.0108, 0.0000, 0.8936
0.9332, 0.0000, -0.0107, 0.0000, 0.9107
0.9311, 0.0000, -0.0107, 0.0000, 0.9269
0.9290, 0.0000, -0.0104, 0.0000, 0.9292
0.9288, 0.0000, -0.0103, 0.0000, 0.9460
0.9268, 0.0000, -0.0098, 0.0000, 0.9625
0.9249, 0.0000, -0.0093, 0.0000, 0.9648
0.9247, 0.0000, -0.0092, 0.0000, 0.9816
0.9230, 0.0000, -0.0086, 0.0000, 0.9837
0.9227, 0.0000, -0.0085, 0.0000, 1.0005
0.9211, 0.0000, -0.0079, 0.0000, 1.0172
0.9196, 0.0000, -0.0079, 0.0000, 1.0195
0.9193, 0.0000, -0.0079, 0.0000, 1.0362
0.9177, 0.0000, -0.0083, 0.0000, 1.0385
0.9175, 0.0000, -0.0083, 0.0000, 1.0549
0.9158, 0.0000, -0.0083, 0.0000, 1.0717
0.9142, 0.0000, -0.0082, 0.0000, 1.0747
0.9139, 0.0000, -0.0082, 0.0000, 1.0911
0.9122, 0.0000, -0.0085, 0.0000, 1.0933
0.9120, 0.0000, -0.0085, 0.0000, 1.1101
0.9103, 0.0000, -0.0084, 0.0000, 1.1270
0.9086, 0.0000, -0.0087, 0.0000, 1.1432
0.9068, 0.0000, -0.0088, 0.0000, 1.1596
0.9051, 0.0000, -0.0086, 0.0000, 1.1765
0.9033, 0.0000, -0.0089, 0.0000, 1.1929
0.9016, 0.0000, -0.0088, 0.0000, 1.1951
0.9013, 0.0000, -0.0088, 0.0000, 1.2119
0.8996, 0.0000, -0.0085, 0.0000, 1.2140
0.8994, 0.0000, -0.0085, 0.0000, 1.2311
0.8977, 0.0000, -0.0087, 0.0000, 1.2477
0.8958, 0.0000, -0.0093, 0.0000, 1.2506
0.8955, 0.0000, -0.0094, 0.0000, 1.2671
0.8935, 0.0000, -0.0101, 0.0000, 1.2692
0.8932, 0.0000, -0.0101, 0.0000, 1.2860
0.8912, 0.0000, -0.0103, 0.0000, 1.2897
0.8907, 0.0000, -0.0104, 0.0000, 1.3065
0.8886, -0.0001, -0.0107, -0.0006, 1.3231
0.8863, -0.0003, -0.0114, -0.0010, 1.3396
0.8838, -0.0006, -0.0127, -0.0013, 1.3562
0.8810, -0.0009, -0.0139, -0.0014, 1.3728
0.8780, -0.0011, -0.0150, -0.0014, 1.3759
0.8774, -0.0012, -0.0152, -0.0014, 1.3923
0.8742, -0.0015, -0.0161, -0.0014, 1.3946
0.8737, -0.0015, -0.0161, -0.0014, 1.4117
0.8704, -0.0018, -0.0168, -0.0014, 1.4138
0.8699, -0.0018, -0.0168, -0.0014, 1.4305
0.8665, -0.0021, -0.0168, -0.0013, 1.4326
0.8661, -0.0021, -0.0168, -0.0013, 1.4498
0.8627, -0.0024, -0.0169, -0.0012, 1.4662
0.8593, -0.0026, -0.0173, -0.0011, 1.4683
0.8587, -0.0027, -0.0172, -0.0011, 1.4851
0.8554, -0.0029, -0.0169, -0.0010, 1.5020
0.8520, -0.0031, -0.0170, -0.0010, 1.5042
0.8514, -0.0031, -0.0169, -0.0010, 1.5209
0.8482, -0.0033, -0.0165, -0.0009, 1.5230
0.8477, -0.0033, -0.0164, -0.0009, 1.5398
0.8446, -0.0034, -0.0156, -0.0008, 1.5562
0.8417, -0.0036, -0.0147, -0.0007, 1.5733
0.8388, -0.0037, -0.0144, -0.0007, 1.5898
0.8359, -0.0038, -0.0145, -0.0006, 1.6060
0.8331, -0.0039, -0.0141, -0.0005, 1.6226
0.8304, -0.0040, -0.0136, -0.0005, 1.6259
0.8299, -0.0041, -0.0136, -0.0005, 1.6422
0.8273, -0.0041, -0.0134, -0.0004, 1.6445
0.8269, -0.0042, -0.0133, -0.0004, 1.6617
0.8242, -0.0042, -0.0135, -0.0004, 1.6639
0.8237, -0.0043, -0.0135, -0.0004, 1.6806
0.8211, -0.0043, -0.0132, -0.0004, 1.6829
0.8207, -0.0043, -0.0131, -0.0003, 1.6995
0.8182, -0.0044, -0.0126, -0.0003, 1.7163
0.8157, -0.0045, -0.0126, -0.0003, 1.7194
0.8153, -0.0045, -0.0126, -0.0003, 1.7355
0.8127, -0.0045, -0.0128, -0.0003, 1.7378
0.8124, -0.0045, -0.0128, -0.0003, 1.7543
0.8099, -0.0046, -0.0126, -0.0002, 1.7709
0.8075, -0.0046, -0.0121, -0.0002, 1.7740
0.8071, -0.0046, -0.0121, -0.0002, 1.7904
0.8047, -0.0046, -0.0121, -0.0002, 1.7925
0.8044, -0.0047, -0.0121, -0.0002, 1.8092
0.8020, -0.0047, -0.0117, -0.0002, 1.8261
0.7997, -0.0047, -0.0118, -0.0001, 1.8283
0.7993, -0.0047, -0.0118, -0.0001, 1.8454
0.7969, -0.0047, -0.0121, -0.0001, 1.8475
0.7965, -0.0048, -0.0121, -0.0001, 1.8642
0.7941, -0.0048, -0.0120, -0.0001, 1.8665
0.7938, -0.0048, -0.0120, -0.0001, 1.8835
0.7914, -0.0048, -0.0122, -0.0001, 1.8997
0.7890, -0.0048, -0.0121, -0.0001, 1.9021
0.7886, -0.0048, -0.0120, -0.0001, 1.9192
0.7862, -0.0048, -0.0122, -0.0001, 1.9213
0.7858, -0.0048, -0.0122, -0.0001, 1.9381
0.7834, -0.0049, -0.0120, -0.0001, 1.9549
0.7810, -0.0049, -0.0121, -0.0001, 1.9716
0.7785, -0.0049, -0.0126, -0.0001, 1.9878
0.7760, -0.0049, -0.0126, -0.0001, 2.0044
0.7735, -0.0049, -0.0123, -0.0001, 2.0213
0.7711, -0.0049, -0.0124, 0.0000, 2.0233
0.7707, -0.0049, -0.0123, 0.0000, 2.0401
0.7683, -0.0049, -0.0121, 0.0000, 2.0422
0.7680, -0.0049, -0.0120, 0.0000, 2.0590
0.7657, -0.0049, -0.0115, 0.0000, 2.0757
0.7632, -0.0049, -0.0121, 0.0000, 2.0925
0.7608, -0.0049, -0.0122, 0.0000, 2.0935
0.7606, -0.0049, -0.0122, 0.0000, 2.1103
0.7582, -0.0049, -0.0120, 0.0000, 2.1134
0.7578, -0.0049, -0.0120, 0.0000, 2.1298
0.7554, -0.0050, -0.0121, 0.0000, 2.1330
0.7549, -0.0050, -0.0122, 0.0000, 2.1495
0.7525, -0.0050, -0.0125, 0.0000, 2.1517
0.7521, -0.0050, -0.0125, 0.0000, 2.1685
0.7496, -0.0050, -0.0123, 0.0000, 2.1854
0.7471, -0.0050, -0.0125, 0.0000, 2.2020
0.7446, -0.0050, -0.0130, 0.0000, 2.2182
0.7420, -0.0050, -0.0130, 0.0000, 2.2350
0.7393, -0.0050, -0.0133, 0.0000, 2.2514
0.7367, -0.0050, -0.0131, 0.0000, 2.2535
0.7363, -0.0050, -0.0131, 0.0000, 2.2703
0.7338, -0.0050, -0.0126, 0.0000, 2.2872
0.7313, -0.0050, -0.0127, 0.0000, 2.3038
0.7287, -0.0050, -0.0130, 0.0000, 2.3200
0.7262, -0.0050, -0.0129, 0.0000, 2.3368
0.7236, -0.0050, -0.0131, 0.0000, 2.3531
0.7210, -0.0050, -0.0129, 0.0000, 2.3552
0.7207, -0.0050, -0.0129, 0.0000, 2.3734
0.7182, -0.0050, -0.0124, 0.0000, 2.3889
0.7157, -0.0050, -0.0124, 0.0000, 2.3911
0.7153, -0.0050, -0.0124, 0.0000, 2.4081
0.7128, -0.0050, -0.0127, 0.0000, 2.4247
0.7102, -0.0050, -0.0132, 0.0000, 2.4409
0.7076, -0.0050, -0.0132, 0.0000, 2.4579
0.7049, -0.0050, -0.0135, 0.0000, 2.4740
0.7022, -0.0050, -0.0133, 0.0000, 2.4770
0.7018, -0.0050, -0.0134, 0.0000, 2.4935
0.6991, -0.0050, -0.0135, 0.0000, 2.4965
0.6986, -0.0050, -0.0136, 0.0000, 2.5130
0.6959, -0.0050, -0.0139, 0.0000, 2.5162
0.6953, -0.0050, -0.0139, -0.0001, 2.5327
0.6926, -0.0051, -0.0137, -0.0007, 2.5358
0.6921, -0.0052, -0.0137, -0.0008, 2.5522
0.6894, -0.0054, -0.0138, -0.0011, 2.5692
0.6866, -0.0057, -0.0141, -0.0013, 2.5854
0.6838, -0.0059, -0.0140, -0.0014, 2.6019
0.6811, -0.0062, -0.0135, -0.0015, 2.6185
0.6786, -0.0065, -0.0129, -0.0014, 2.6215
0.6781, -0.0066, -0.0129, -0.0014, 2.6379
0.6756, -0.0068, -0.0127, -0.0014, 2.6411
0.6751, -0.0069, -0.0128, -0.0014, 2.6575
0.6725, -0.0071, -0.0129, -0.0013, 2.6606
0.6720, -0.0072, -0.0129, -0.0013, 2.6774
0.6695, -0.0074, -0.0126, -0.0012, 2.6796
0.6692, -0.0075, -0.0125, -0.0012, 2.6962
0.6668, -0.0077, -0.0120, -0.0011, 2.6995
0.6664, -0.0077, -0.0120, -0.0011, 2.7155
0.6640, -0.0079, -0.0119, -0.0010, 2.7181
0.6637, -0.0080, -0.0119, -0.0010, 2.7346
0.6614, -0.0081, -0.0115, -0.0009, 2.7516
0.6591, -0.0083, -0.0116, -0.0009, 2.7682
0.6567, -0.0085, -0.0120, -0.0008, 2.7844
0.6543, -0.0086, -0.0120, -0.0007, 2.8013
0.6519, -0.0087, -0.0123, -0.0006, 2.8175
0.6495, -0.0089, -0.0122, -0.0006, 2.8206
0.6490, -0.0089, -0.0122, -0.0006, 2.8369
0.6466, -0.0090, -0.0124, -0.0005, 2.8393
0.6462, -0.0090, -0.0124, -0.0005, 2.8558
0.6438, -0.0091, -0.0121, -0.0005, 2.8727
0.6414, -0.0092, -0.0123, -0.0004, 2.8751
0.6410, -0.0092, -0.0123, -0.0004, 2.8919
0.6385, -0.0093, -0.0121, -0.0004, 2.8950
0.6381, -0.0093, -0.0121, -0.0004, 2.9113
0.6357, -0.0093, -0.0122, -0.0003, 2.9135
0.6354, -0.0094, -0.0122, -0.0003, 2.9303
0.6330, -0.0094, -0.0119, -0.0003, 2.9468
0.6307, -0.0095, -0.0114, -0.0003, 2.9499
0.6303, -0.0095, -0.0114, -0.0003, 2.9663
0.6281, -0.0095, -0.0114, -0.0002, 2.9684
0.6277, -0.0095, -0.0114, -0.0002, 2.9852
0.6255, -0.0096, -0.0111, -0.0002, 2.9874
0.6252, -0.0096, -0.0110, -0.0002, 3.0041
0.6231, -0.0096, -0.0105, -0.0002, 3.0207
0.6212, -0.0097, -0.0099, -0.0002, 3.0238
0.6208, -0.0097, -0.0099, -0.0002, 3.0402
0.6189, -0.0097, -0.0098, -0.0002, 3.0433
0.6185, -0.0097, -0.0099, -0.0002, 3.0598
0.6165, -0.0097, -0.0101, -0.0001, 3.0619
0.6162, -0.0097, -0.0101, -0.0001, 3.0790
0.6141, -0.0098, -0.0107, -0.0001, 3.0951
0.6120, -0.0098, -0.0107, -0.0001, 3.0987
0.6116, -0.0098, -0.0109, -0.0001, 3.1151
0.6092, -0.0098, -0.0119, -0.0001, 3.1174
0.6088, -0.0098, -0.0119, -0.0001, 3.1339
0.6064, -0.0098, -0.0122, -0.0001, 3.1360
0.6061, -0.0098, -0.0121, -0.0001, 3.1528
0.6037, -0.0098, -0.0120, -0.0001, 3.1697
0.6013, -0.0099, -0.0122, -0.0001, 3.1862
0.5988, -0.0099, -0.0127, -0.0001, 3.2025
0.5963, -0.0099, -0.0127, -0.0001, 3.2195
0.5937, -0.0099, -0.0130, -0.0001, 3.2359
0.5910, -0.0099, -0.0135, 0.0000, 3.2391
0.5905, -0.0099, -0.0136, 0.0000, 3.2552
0.5877, -0.0099, -0.0141, 0.0000, 3.2575
0.5873, -0.0099, -0.0141, 0.0000, 3.2741
0.5845, -0.0099, -0.0141, 0.0000, 3.2772
0.5840, -0.0099, -0.0141, 0.0000, 3.2936
0.5812, -0.0099, -0.0143, 0.0000, 3.3105
0.5782, -0.0099, -0.0147, 0.0000, 3.3271
0.5752, -0.0099, -0.0152, 0.0000, 3.3437
0.5721, -0.0100, -0.0158, 0.0000, 3.3602
0.5688, -0.0100, -0.0164, 0.0000, 3.3763
0.5656, -0.0100, -0.0164, 0.0000, 3.3786
0.5652, -0.0100, -0.0164, 0.0000, 3.3950
0.5620, -0.0100, -0.0159, 0.0000, 3.4117
0.5590, -0.0100, -0.0152, 0.0000, 3.4139
0.5585, -0.0100, -0.0151, 0.0000, 3.4306
0.5557, -0.0100, -0.0143, 0.0000, 3.4337
0.5552, -0.0100, -0.0142, 0.0000, 3.4501
0.5524, -0.0100, -0.0139, 0.0000, 3.4532
0.5519, -0.0100, -0.0139, 0.0000, 3.4696
0.5492, -0.0100, -0.0139, 0.0000, 3.4717
0.5488, -0.0100, -0.0138, 0.0000, 3.4884
0.5461, -0.0100, -0.0135, 0.0000, 3.5050
0.5436, -0.0100, -0.0129, 0.0000, 3.5073
0.5432, -0.0100, -0.0128, 0.0000, 3.5243
0.5407, -0.0100, -0.0127, 0.0000, 3.5409
0.5381, -0.0100, -0.0129, 0.0000, 3.5574
0.5355, -0.0100, -0.0134, 0.0000, 3.5741
0.5327, -0.0100, -0.0140, 0.0000, 3.5903
0.5299, -0.0100, -0.0140, 0.0000, 3.6072
0.5271, -0.0100, -0.0143, 0.0000, 3.6094
0.5266, -0.0100, -0.0143, 0.0000, 3.6261
0.5238, -0.0100, -0.0141, 0.0000, 3.6292
0.5233, -0.0100, -0.0141, 0.0001, 3.6459
0.5204, -0.0099, -0.0148, 0.0007, 3.6490
0.5197, -0.0098, -0.0150, 0.0009, 3.6655
0.5166, -0.0095, -0.0156, 0.0018, 3.6683
0.5161, -0.0094, -0.0156, 0.0019, 3.6854
0.5129, -0.0089, -0.0161, 0.0024, 3.7019
0.5096, -0.0084, -0.0167, 0.0027, 3.7181
0.5062, -0.0078, -0.0167, 0.0029, 3.7350
0.5029, -0.0072, -0.0169, 0.0029, 3.7513
0.4996, -0.0066, -0.0166, 0.0028, 3.7544
0.4990, -0.0065, -0.0167, 0.0028, 3.7712
0.4955, -0.0060, -0.0172, 0.0027, 3.7734
0.4950, -0.0059, -0.0172, 0.0027, 3.7902
0.4916, -0.0054, -0.0171, 0.0025, 3.7925
0.4911, -0.0053, -0.0170, 0.0025, 3.8092
0.4878, -0.0049, -0.0165, 0.0023, 3.8261
0.4845, -0.0045, -0.0163, 0.0022, 3.8427
0.4813, -0.0041, -0.0165, 0.0020, 3.8589
0.4781, -0.0037, -0.0161, 0.0018, 3.8753
0.4750, -0.0034, -0.0155, 0.0017, 3.8924
0.4719, -0.0030, -0.0153, 0.0015, 3.9089
0.4689, -0.0028, -0.0155, 0.0014, 3.9255
0.4657, -0.0025, -0.0158, 0.0013, 3.9420
0.4625, -0.0023, -0.0162, 0.0012, 3.9583
0.4593, -0.0021, -0.0161, 0.0011, 3.9606
0.4588, -0.0020, -0.0161, 0.0011, 3.9775
0.4556, -0.0018, -0.0162, 0.0010, 3.9942
0.4523, -0.0017, -0.0165, 0.0009, 3.9964
0.4518, -0.0016, -0.0165, 0.0009, 4.0132
0.4486, -0.0015, -0.0162, 0.0008, 4.0164
0.4480, -0.0015, -0.0162, 0.0008, 4.0327
0.4447, -0.0013, -0.0162, 0.0007, 4.0351
0.4443, -0.0013, -0.0161, 0.0007, 4.0522
0.4410, -0.0012, -0.0163, 0.0006, 4.0544
0.4405, -0.0012, -0.0162, 0.0006, 4.0711
0.4373, -0.0010, -0.0159, 0.0006, 4.0733
0.4369, -0.0010, -0.0158, 0.0005, 4.0903
0.4338, -0.0009, -0.0158, 0.0005, 4.1066
0.4307, -0.0008, -0.0154, 0.0004, 4.1099
0.4301, -0.0008, -0.0154, 0.0004, 4.1264
0.4271, -0.0008, -0.0153, 0.0004, 4.1298
0.4265, -0.0007, -0.0153, 0.0004, 4.1462
0.4234, -0.0007, -0.0154, 0.0004, 4.1492
0.4229, -0.0007, -0.0155, 0.0003, 4.1656
0.4196, -0.0006, -0.0163, 0.0003, 4.1680
0.4192, -0.0006, -0.0164, 0.0003, 4.1847
0.4159, -0.0005, -0.0164, 0.0003, 4.1870
0.4154, -0.0005, -0.0164, 0.0003, 4.2037
0.4122, -0.0005, -0.0160, 0.0002, 4.2206
0.4091, -0.0004, -0.0159, 0.0002, 4.2228
0.4086, -0.0004, -0.0159, 0.0002, 4.2395
0.4055, -0.0004, -0.0154, 0.0002, 4.2416
0.4051, -0.0004, -0.0153, 0.0002, 4.2587
0.4021, -0.0003, -0.0152, 0.0002, 4.2751
0.3990, -0.0003, -0.0154, 0.0002, 4.2775
0.3985, -0.0003, -0.0154, 0.0002, 4.2940
0.3955, -0.0003, -0.0151, 0.0001, 4.2965
0.3951, -0.0003, -0.0150, 0.0001, 4.3133
0.3921, -0.0002, -0.0150, 0.0001, 4.3298
0.3892, -0.0002, -0.0146, 0.0001, 4.3476
0.3861, -0.0002, -0.0147, 0.0001, 4.3640
0.3833, -0.0003, -0.0143, -0.0005, 4.3804
0.3803, -0.0005, -0.0149, -0.0009, 4.3815
0.3801, -0.0005, -0.0149, -0.0010, 4.3994
0.3770, -0.0007, -0.0156, -0.0012, 4.4147
0.3739, -0.0010, -0.0156, -0.0013, 4.4317
0.3706, -0.0013, -0.0165, -0.0014, 4.4339
0.3701, -0.0013, -0.0166, -0.0014, 4.4506
0.3667, -0.0016, -0.0167, -0.0014, 4.4538
0.3661, -0.0017, -0.0167, -0.0014, 4.4702
0.3628, -0.0019, -0.0169, -0.0013, 4.4872
0.3593, -0.0022, -0.0172, -0.0013, 4.5034
0.3559, -0.0024, -0.0170, -0.0012, 4.5203
0.3524, -0.0026, -0.0177, -0.0011, 4.5367
0.3488, -0.0028, -0.0184, -0.0010, 4.5391
0.3482, -0.0029, -0.0184, -0.0010, 4.5555
0.3446, -0.0031, -0.0183, -0.0010, 4.5591
0.3439, -0.0031, -0.0183, -0.0009, 4.5751
0.3403, -0.0033, -0.0183, -0.0009, 4.5772
0.3398, -0.0033, -0.0182, -0.0009, 4.5940
0.3363, -0.0035, -0.0178, -0.0008, 4.6108
0.3328, -0.0036, -0.0176, -0.0007, 4.6140
0.3320, -0.0036, -0.0176, -0.0007, 4.6304
0.3285, -0.0037, -0.0176, -0.0006, 4.6326
0.3281, -0.0038, -0.0176, -0.0006, 4.6493
0.3247, -0.0039, -0.0171, -0.0006, 4.6516
0.3241, -0.0039, -0.0170, -0.0006, 4.6687
0.3208, -0.0040, -0.0169, -0.0005, 4.6849
0.3176, -0.0041, -0.0163, -0.0005, 4.6876
0.3170, -0.0041, -0.0162, -0.0005, 4.7044
0.3139, -0.0042, -0.0154, -0.0004, 4.7074
0.3134, -0.0042, -0.0153, -0.0005, 4.7242
0.3104, -0.0044, -0.0150, -0.0011, 4.7272
0.3098, -0.0045, -0.0150, -0.0011, 4.7437
0.3068, -0.0048, -0.0150, -0.0014, 4.7459
0.3064, -0.0048, -0.0149, -0.0015, 4.7626
0.3035, -0.0051, -0.0145, -0.0016, 4.7650
0.3031, -0.0052, -0.0144, -0.0016, 4.7818
0.3004, -0.0055, -0.0137, -0.0017, 4.7987
0.2977, -0.0058, -0.0136, -0.0017, 4.8008
0.2972, -0.0059, -0.0135, -0.0017, 4.8176
0.2946, -0.0062, -0.0130, -0.0016, 4.8197
0.2943, -0.0063, -0.0129, -0.0016, 4.8363
0.2918, -0.0066, -0.0123, -0.0016, 4.8533
0.2894, -0.0069, -0.0122, -0.0015, 4.8555
0.2890, -0.0069, -0.0121, -0.0014, 4.8723
0.2867, -0.0072, -0.0117, -0.0014, 4.8744
0.2864, -0.0072, -0.0116, -0.0013, 4.8911
0.2842, -0.0075, -0.0111, -0.0012, 4.9077
0.2821, -0.0077, -0.0104, -0.0011, 4.9109
0.2817, -0.0077, -0.0105, -0.0011, 4.9273
0.2795, -0.0079, -0.0110, -0.0010, 4.9296
0.2792, -0.0080, -0.0110, -0.0010, 4.9464
0.2770, -0.0082, -0.0110, -0.0009, 4.9485
0.2767, -0.0082, -0.0109, -0.0009, 4.9653
0.2746, -0.0084, -0.0106, -0.0008, 4.9822
0.2725, -0.0085, -0.0108, -0.0008, 4.9843
0.2721, -0.0085, -0.0108, -0.0008, 5.0011
0.2700, -0.0087, -0.0106, -0.0007, 5.0042
0.2696, -0.0087, -0.0107, -0.0007, 5.0206
0.2674, -0.0088, -0.0115, -0.0006, 5.0236
0.2670, -0.0088, -0.0115, -0.0007, 5.0401
0.2646, -0.0091, -0.0117, -0.0012, 5.0424
0.2643, -0.0091, -0.0116, -0.0013, 5.0592
0.2620, -0.0094, -0.0114, -0.0016, 5.0755
0.2598, -0.0098, -0.0110, -0.0018, 5.0790
0.2594, -0.0099, -0.0110, -0.0018, 5.0951
0.2573, -0.0102, -0.0110, -0.0018, 5.0978
0.2569, -0.0103, -0.0110, -0.0018, 5.1142
0.2548, -0.0106, -0.0107, -0.0018, 5.1173
0.2544, -0.0107, -0.0107, -0.0018, 5.1336
0.2523, -0.0110, -0.0108, -0.0017, 5.1357
0.2520, -0.0111, -0.0108, -0.0017, 5.1525
0.2499, -0.0114, -0.0106, -0.0016, 5.1694
0.2478, -0.0117, -0.0108, -0.0015, 5.1726
0.2473, -0.0118, -0.0109, -0.0015, 5.1890
0.2451, -0.0121, -0.0113, -0.0014, 5.1922
0.2447, -0.0121, -0.0114, -0.0014, 5.2086
0.2423, -0.0124, -0.0119, -0.0013, 5.2109
0.2419, -0.0124, -0.0119, -0.0013, 5.2280
0.2396, -0.0128, -0.0120, -0.0018, 5.2446
0.2370, -0.0132, -0.0129, -0.0021, 5.2607
0.2344, -0.0136, -0.0132, -0.0023, 5.2775
0.2316, -0.0141, -0.0137, -0.0023, 5.2939
0.2289, -0.0145, -0.0137, -0.0023, 5.2961
0.2285, -0.0146, -0.0137, -0.0023, 5.3130
0.2258, -0.0150, -0.0133, -0.0022, 5.3298
0.2232, -0.0154, -0.0134, -0.0021, 5.3464
0.2205, -0.0158, -0.0137, -0.0020, 5.3626
0.2178, -0.0162, -0.0136, -0.0018, 5.3795
0.2150, -0.0165, -0.0138, -0.0017, 5.3956
0.2124, -0.0168, -0.0136, -0.0016, 5.3979
0.2120, -0.0169, -0.0135, -0.0015, 5.4144
0.2094, -0.0172, -0.0130, -0.0014, 5.4315
0.2068, -0.0174, -0.0130, -0.0013, 5.4336
0.2064, -0.0175, -0.0129, -0.0013, 5.4503
0.2039, -0.0177, -0.0125, -0.0012, 5.4525
0.2036, -0.0177, -0.0125, -0.0012, 5.4692
0.2012, -0.0179, -0.0119, -0.0011, 5.4858
0.1990, -0.0181, -0.0112, -0.0010, 5.4889
0.1986, -0.0182, -0.0112, -0.0009, 5.5053
0.1964, -0.0183, -0.0110, -0.0009, 5.5083
0.1960, -0.0184, -0.0111, -0.0008, 5.5248
0.1938, -0.0185, -0.0113, -0.0008, 5.5269
0.1935, -0.0185, -0.0112, -0.0008, 5.5437
0.1913, -0.0187, -0.0111, -0.0007, 5.5606
0.1890, -0.0188, -0.0113, -0.0006, 5.5629
0.1886, -0.0188, -0.0113, -0.0006, 5.5797
0.1864, -0.0189, -0.0111, -0.0006, 5.5818
0.1861, -0.0190, -0.0110, -0.0005, 5.5986
0.1840, -0.0191, -0.0106, -0.0005, 5.6016
0.1836, -0.0191, -0.0106, -0.0005, 5.6181
0.1815, -0.0192, -0.0107, -0.0004, 5.6209
0.1812, -0.0192, -0.0107, -0.0004, 5.6372
0.1790, -0.0192, -0.0110, -0.0004, 5.6543
0.1767, -0.0193, -0.0116, -0.0004, 5.6566
0.1763, -0.0193, -0.0116, -0.0004, 5.6733
0.1740, -0.0194, -0.0117, -0.0003, 5.6755
0.1736, -0.0194, -0.0116, -0.0003, 5.6922
0.1714, -0.0195, -0.0113, -0.0003, 5.6958
0.1709, -0.0195, -0.0114, -0.0003, 5.7126
0.1685, -0.0195, -0.0121, -0.0003, 5.7156
0.1680, -0.0195, -0.0122, -0.0002, 5.7321
0.1655, -0.0196, -0.0129, -0.0002, 5.7490
0.1627, -0.0196, -0.0136, -0.0002, 5.7653
0.1600, -0.0197, -0.0138, -0.0002, 5.7821
0.1572, -0.0197, -0.0142, -0.0002, 5.7984
0.1544, -0.0197, -0.0141, -0.0001, 5.8005
0.1540, -0.0197, -0.0141, -0.0001, 5.8175
0.1511, -0.0197, -0.0142, -0.0001, 5.8199
0.1507, -0.0197, -0.0142, -0.0001, 5.8366
0.1478, -0.0198, -0.0146, -0.0001, 5.8530
0.1449, -0.0198, -0.0144, -0.0001, 5.8553
0.1445, -0.0198, -0.0144, -0.0001, 5.8721
0.1417, -0.0198, -0.0139, -0.0001, 5.8753
0.1412, -0.0198, -0.0139, -0.0001, 5.8917
0.1385, -0.0198, -0.0138, -0.0001, 5.8938
0.1381, -0.0198, -0.0137, -0.0001, 5.9109
0.1353, -0.0199, -0.0139, -0.0001, 5.9275
0.1325, -0.0199, -0.0143, -0.0001, 5.9297
0.1320, -0.0199, -0.0143, -0.0001, 5.9464
0.1292, -0.0199, -0.0142, -0.0001, 5.9485
0.1288, -0.0199, -0.0141, -0.0001, 5.9656
0.1260, -0.0199, -0.0143, -0.0001, 5.9818
0.1232, -0.0199, -0.0140, 0.0000, 5.9848
0.1227, -0.0199, -0.0140, 0.0000, 6.0013
0.1199, -0.0199, -0.0141, 0.0000, 6.0034
0.1195, -0.0199, -0.0140, 0.0000, 6.0202
0.1168, -0.0199, -0.0137, 0.0000, 6.0370
0.1141, -0.0199, -0.0137, 0.0000, 6.0401
0.1136, -0.0199, -0.0138, 0.0000, 6.0562
0.1108, -0.0199, -0.0140, 0.0000, 6.0595
0.1103, -0.0199, -0.0141, 0.0000, 6.0758
0.1075, -0.0199, -0.0144, 0.0000, 6.0790
0.1070, -0.0199, -0.0144, 0.0001, 6.0952
0.1041, -0.0198, -0.0142, 0.0007, 6.0986
0.1036, -0.0198, -0.0142, 0.0007, 6.1147
0.1008, -0.0196, -0.0143, 0.0011, 6.1179
0.1003, -0.0195, -0.0144, 0.0011, 6.1340
0.0974, -0.0193, -0.0146, 0.0013, 6.1362
0.0970, -0.0192, -0.0146, 0.0013, 6.1530
0.0941, -0.0190, -0.0144, 0.0014, 6.1699
0.0913, -0.0187, -0.0145, 0.0014, 6.1722
0.0908, -0.0186, -0.0144, 0.0014, 6.1890
0.0880, -0.0183, -0.0141, 0.0014, 6.1911
0.0876, -0.0183, -0.0140, 0.0014, 6.2082
0.0848, -0.0180, -0.0140, 0.0013, 6.2114
0.0842, -0.0180, -0.0141, 0.0013, 6.2278
0.0814, -0.0177, -0.0143, 0.0013, 6.2300
0.0810, -0.0177, -0.0143, 0.0012, 6.2467
0.0782, -0.0175, -0.0140, 0.0012, 6.2632
0.0755, -0.0172, -0.0135, 0.0011, 6.2654
0.0751, -0.0172, -0.0134, 0.0011, 6.2824
0.0725, -0.0170, -0.0133, 0.0010, 6.2845
0.0721, -0.0170, -0.0133, 0.0010, 6.3012
0.0695, -0.0168, -0.0129, 0.0009, 6.3179
0.0671, -0.0166, -0.0123, 0.0008, 6.3200
0.0667, -0.0166, -0.0122, 0.0008, 6.3366
0.0645, -0.0165, -0.0115, 0.0007, 6.3400
0.0641, -0.0164, -0.0114, 0.0007, 6.3561
0.0618, -0.0163, -0.0113, 0.0007, 6.3586
0.0615, -0.0163, -0.0112, 0.0007, 6.3751
0.0594, -0.0162, -0.0108, 0.0006, 6.3922
0.0572, -0.0161, -0.0109, 0.0005, 6.3954
0.0568, -0.0160, -0.0109, 0.0005, 6.4117
0.0545, -0.0159, -0.0113, 0.0005, 6.4140
0.0542, -0.0159, -0.0113, 0.0005, 6.4307
0.0520, -0.0158, -0.0112, 0.0004, 6.4329
0.0517, -0.0158, -0.0111, 0.0004, 6.4496
0.0495, -0.0158, -0.0107, 0.0004, 6.4666
0.0474, -0.0157, -0.0108, 0.0004, 6.4690
0.0470, -0.0157, -0.0108, 0.0003, 6.4858
0.0449, -0.0156, -0.0106, 0.0003, 6.4892
0.0445, -0.0156, -0.0106, 0.0003, 6.5055
0.0423, -0.0155, -0.0108, 0.0003, 6.5086
0.0419, -0.0155, -0.0108, 0.0003, 6.5249
0.0397, -0.0155, -0.0112, 0.0003, 6.5418
0.0374, -0.0154, -0.0118, 0.0002, 6.5430
0.0372, -0.0154, -0.0118, 0.0002, 6.5597
0.0348, -0.0154, -0.0119, 0.0002, 6.5621
0.0344, -0.0154, -0.0119, 0.0002, 6.5791
0.0320, -0.0153, -0.0122, 0.0002, 6.5952
0.0296, -0.0153, -0.0121, 0.0002, 6.5985
0.0292, -0.0153, -0.0122, 0.0002, 6.6146
0.0267, -0.0153, -0.0124, 0.0001, 6.6178
0.0263, -0.0153, -0.0125, 0.0001, 6.6340
0.0237, -0.0152, -0.0128, 0.0001, 6.6362
0.0234, -0.0152, -0.0128, 0.0001, 6.6533
0.0207, -0.0152, -0.0134, 0.0001, 6.6695
0.0181, -0.0152, -0.0134, 0.0001, 6.6716
0.0177, -0.0152, -0.0133, 0.0001, 6.6884
0.0151, -0.0152, -0.0130, 0.0001, 6.6905
0.0148, -0.0152, -0.0129, 0.0001, 6.7075
0.0122, -0.0152, -0.0129, 0.0001, 6.7256
0.0097, -0.0151, -0.0127, 0.0001, 6.7407
0.0071, -0.0151, -0.0128, 0.0001, 6.7571
0.0045, -0.0151, -0.0132, 0.0001, 6.7735
0.0019, -0.0151, -0.0131, 0.0001, 6.7901
-0.0006, -0.0151, -0.0127, 0.0001, 6.7926
-0.0010, -0.0151, -0.0126, 0.0001, 6.8093
-0.0034, -0.0151, -0.0120, 0.0000, 6.8262
-0.0058, -0.0151, -0.0120, 0.0000, 6.8283
-0.0062, -0.0151, -0.0119, 0.0000, 6.8453
-0.0086, -0.0151, -0.0122, 0.0000, 6.8474
-0.0090, -0.0151, -0.0122, 0.0000, 6.8641
-0.0113, -0.0151, -0.0120, 0.0000, 6.8663
-0.0117, -0.0151, -0.0119, 0.0000, 6.8833
-0.0141, -0.0151, -0.0121, 0.0000, 6.8999
-0.0166, -0.0151, -0.0126, 0.0000, 6.9020
-0.0170, -0.0150, -0.0126, 0.0000, 6.9191
-0.0196, -0.0150, -0.0131, 0.0000, 6.9213
-0.0200, -0.0150, -0.0131, 0.0000, 6.9380
-0.0226, -0.0150, -0.0131, 0.0000, 6.9544
-0.0252, -0.0150, -0.0128, 0.0000, 6.9578
-0.0256, -0.0150, -0.0128, 0.0000, 6.9739
-0.0282, -0.0150, -0.0128, 0.0000, 6.9771
-0.0286, -0.0150, -0.0129, 0.0000, 6.9936
-0.0312, -0.0150, -0.0132, 0.0000, 6.9966
-0.0317, -0.0150, -0.0132, 0.0000, 7.0131
-0.0344, -0.0150, -0.0136, 0.0000, 7.0153
-0.0348, -0.0150, -0.0136, 0.0000, 7.0320
-0.0375, -0.0150, -0.0135, 0.0000, 7.0352
-0.0380, -0.0150, -0.0135, 0.0000, 7.0516
-0.0407, -0.0150, -0.0136, 0.0000, 7.0538
-0.0411, -0.0150, -0.0136, 0.0000, 7.0706
-0.0437, -0.0150, -0.0133, 0.0000, 7.0871
-0.0462, -0.0150, -0.0128, 0.0000, 7.0896
-0.0466, -0.0150, -0.0127, 0.0000, 7.1067
-0.0492, -0.0150, -0.0126, 0.0000, 7.1090
-0.0496, -0.0150, -0.0126, 0.0000, 7.1258
-0.0520, -0.0150, -0.0122, 0.0000, 7.1280
-0.0523, -0.0150, -0.0121, 0.0000, 7.1447
-0.0546, -0.0150, -0.0115, 0.0000, 7.1613
-0.0568, -0.0150, -0.0109, 0.0000, 7.1635
-0.0571, -0.0150, -0.0108, 0.0000, 7.1802
-0.0591, -0.0150, -0.0100, 0.0000, 7.1967
-0.0610, -0.0150, -0.0093, 0.0000, 7.1990
-0.0612, -0.0150, -0.0092, 0.0000, 7.2154
-0.0629, -0.0150, -0.0085, 0.0000, 7.2321
-0.0644, -0.0150, -0.0078, 0.0000, 7.2343
-0.0647, -0.0150, -0.0077, 0.0000, 7.2510
-0.0661, -0.0150, -0.0071, 0.0000, 7.2532
-0.0663, -0.0150, -0.0070, 0.0000, 7.2700
-0.0675, -0.0150, -0.0064, 0.0000, 7.2865
-0.0687, -0.0150, -0.0058, 0.0000, 7.2888
-0.0688, -0.0150, -0.0057, 0.0000, 7.3055
-0.0699, -0.0150, -0.0052, 0.0000, 7.3076
-0.0700, -0.0150, -0.0052, 0.0000, 7.3244
-0.0710, -0.0150, -0.0047, 0.0000, 7.3409
-0.0718, -0.0150, -0.0043, 0.0000, 7.3430
-0.0719, -0.0150, -0.0042, 0.0000, 7.3597
-0.0727, -0.0150, -0.0038, 0.0000, 7.3762
-0.0734, -0.0150, -0.0035, 0.0000, 7.3787
-0.0735, -0.0150, -0.0034, 0.0000, 7.3951
-0.0741, -0.0150, -0.0031, 0.0000, 7.4119
-0.0746, -0.0150, -0.0028, 0.0000, 7.4141
-0.0747, -0.0150, -0.0028, 0.0000, 7.4308
-0.0752, -0.0150, -0.0025, 0.0000, 7.4332
-0.0753, -0.0150, -0.0025, 0.0000, 7.4500
