Position x, Position y, Velocity x, Velocity y
0.0000, 0.0000, 0.0000, 0.0000, 0.0000
0.0000, 0.0000, 0.0000, 0.0000, 0.0133
0.0000, 0.0000, 0.0000, 0.0000, 0.0152
0.0000, 0.0000, 0.0000, 0.0000, 0.0319
0.0000, 0.0000, 0.0000, 0.0000, 0.0338
0.0000, 0.0000, 0.0000, 0.0000, 0.0506
0.0000, 0.0000, 0.0000, 0.0000, 0.0670
0.0000, 0.0000, 0.0000, 0.0000, 0.0836
0.0000, 0.0000, 0.0000, 0.0000, 0.0854
0.0000, 0.0000, 0.0000, 0.0000, 0.1022
0.0000, 0.0000, 0.0000, 0.0000, 0.1188
0.0000, 0.0000, 0.0000, 0.0000, 0.1205
0.0000, 0.0000, 0.0000, 0.0000, 0.1373
0.0000, 0.0000, 0.0000, 0.0000, 0.1539
0.0000, 0.0000, 0.0000, 0.0000, 0.1557
0.0000, 0.0000, 0.0000, 0.0000, 0.1725
0.0000, 0.0000, 0.0000, 0.0000, 0.1890
0.0000, 0.0000, 0.0000, 0.0000, 0.1908
0.0000, 0.0000, 0.0000, 0.0000, 0.2074
0.0000, 0.0000, 0.0000, 0.0000, 0.2242
0.0000, 0.0000, 0.0000, 0.0000, 0.2260
0.0000, 0.0000, 0.0000, 0.0000, 0.2427
0.0000, 0.0000, 0.0000, 0.0000, 0.2592
0.0000, 0.0000, 0.0000, 0.0000, 0.2611
0.0000, 0.0000, 0.0000, 0.0000, 0.2779
0.0000, 0.0000, 0.0000, 0.0000, 0.2944
0.0000, 0.0000, 0.0000, 0.0000, 0.2965
0.0000, 0.0000, 0.0000, 0.0000, 0.3135
-0.0001, 0.0000, -0.0006, 0.0000, 0.3156
-0.0001, 0.0000, -0.0007, 0.0000, 0.3324
-0.0004, 0.0000, -0.0011, 0.0000, 0.3490
-0.0006, 0.0000, -0.0013, 0.0000, 0.3512
-0.0006, 0.0000, -0.0013, 0.0000, 0.3678
-0.0009, 0.0000, -0.0014, 0.0000, 0.3701
-0.0010, 0.0000, -0.0014, 0.0000, 0.3866
-0.0013, 0.0000, -0.0014, 0.0000, 0.4033
-0.0015, 0.0000, -0.0014, 0.0000, 0.4053
-0.0016, 0.0000, -0.0014, 0.0000, 0.4221
-0.0019, 0.0000, -0.0014, 0.0000, 0.4390
-0.0022, 0.0000, -0.0019, 0.0000, 0.4419
-0.0023, 0.0000, -0.0021, 0.0000, 0.4583
-0.0029, 0.0000, -0.0030, 0.0000, 0.4605
-0.0030, 0.0000, -0.0031, 0.0000, 0.4772
-0.0037, 0.0000, -0.0035, 0.0000, 0.4938
-0.0044, 0.0000, -0.0038, 0.0000, 0.4960
-0.0046, 0.0000, -0.0038, 0.0000, 0.5127
-0.0053, 0.0000, -0.0038, 0.0000, 0.5157
-0.0055, 0.0000, -0.0039, 0.0000, 0.5321
-0.0063, 0.0000, -0.0044, 0.0000, 0.5343
-0.0065, 0.0000, -0.0045, 0.0000, 0.5514
-0.0074, -0.0001, -0.0047, -0.0006, 0.5678
-0.0084, -0.0003, -0.0053, -0.0010, 0.5702
-0.0086, -0.0004, -0.0054, -0.0011, 0.5866
-0.0097, -0.0006, -0.0056, -0.0013, 0.5898
-0.0099, -0.0007, -0.0057, -0.0013, 0.6059
-0.0112, -0.0009, -0.0063, -0.0014, 0.6227
-0.0125, -0.0012, -0.0066, -0.0014, 0.6249
-0.0127, -0.0013, -0.0066, -0.0014, 0.6416
-0.0140, -0.0016, -0.0065, -0.0014, 0.6438
-0.0141, -0.0016, -0.0065, -0.0014, 0.6609
-0.0155, -0.0019, -0.0070, -0.0014, 0.6771
-0.0169, -0.0021, -0.0071, -0.0013, 0.6793
-0.0171, -0.0022, -0.0071, -0.0013, 0.6964
-0.0186, -0.0024, -0.0076, -0.0012, 0.6987
-0.0189, -0.0024, -0.0076, -0.0012, 0.7155
-0.0204, -0.0027, -0.0077, -0.0011, 0.7321
-0.0219, -0.0029, -0.0076, -0.0010, 0.7489
-0.0236, -0.0031, -0.0086, -0.0010, 0.7655
-0.0254, -0.0032, -0.0090, -0.0009, 0.7817
-0.0272, -0.0034, -0.0091, -0.0008, 0.7987
-0.0291, -0.0036, -0.0095, -0.0007, 0.8010
-0.0294, -0.0036, -0.0095, -0.0007, 0.8177
-0.0313, -0.0037, -0.0095, -0.0007, 0.8198
-0.0316, -0.0037, -0.0095, -0.0007, 0.8365
-0.0334, -0.0038, -0.0093, -0.0006, 0.8530
-0.0352, -0.0040, -0.0089, -0.0005, 0.8562
-0.0355, -0.0040, -0.0089, -0.0005, 0.8726
-0.0373, -0.0041, -0.0090, -0.0005, 0.8749
-0.0376, -0.0041, -0.0090, -0.0005, 0.8920
-0.0394, -0.0042, -0.0094, -0.0004, 0.8942
-0.0398, -0.0042, -0.0094, -0.0004, 0.9109
-0.0416, -0.0043, -0.0094, -0.0004, 0.9130
-0.0419, -0.0043, -0.0094, -0.0004, 0.9297
-0.0437, -0.0043, -0.0092, -0.0003, 0.9461
-0.0454, -0.0044, -0.0088, -0.0003, 0.9487
-0.0457, -0.0044, -0.0087, -0.0003, 0.9651
-0.0473, -0.0045, -0.0082, -0.0003, 0.9818
-0.0489, -0.0045, -0.0077, -0.0003, 0.9839
-0.0491, -0.0045, -0.0076, -0.0003, 1.0007
-0.0505, -0.0046, -0.0071, -0.0002, 1.0028
-0.0507, -0.0046, -0.0070, -0.0002, 1.0199
-0.0521, -0.0046, -0.0071, -0.0002, 1.0361
-0.0535, -0.0047, -0.0070, -0.0002, 1.0392
-0.0537, -0.0047, -0.0070, -0.0002, 1.0560
-0.0553, -0.0047, -0.0080, -0.0002, 1.0582
-0.0555, -0.0047, -0.0080, -0.0002, 1.0749
-0.0572, -0.0047, -0.0084, -0.0001, 1.0915
-0.0589, -0.0047, -0.0085, -0.0001, 1.1082
-0.0607, -0.0048, -0.0089, -0.0001, 1.1246
-0.0625, -0.0048, -0.0090, -0.0001, 1.1411
-0.0642, -0.0048, -0.0088, -0.0001, 1.1577
-0.0659, -0.0048, -0.0085, -0.0001, 1.1599
-0.0661, -0.0048, -0.0084, -0.0001, 1.1766
-0.0677, -0.0048, -0.0080, -0.0001, 1.1797
-0.0680, -0.0049, -0.0080, -0.0001, 1.1961
-0.0696, -0.0049, -0.0081, -0.0001, 1.1984
-0.0698, -0.0049, -0.0081, -0.0001, 1.2151
-0.0714, -0.0049, -0.0079, -0.0001, 1.2316
-0.0729, -0.0049, -0.0076, -0.0001, 1.2340
-0.0731, -0.0049, -0.0075, -0.0001, 1.2507
-0.0745, -0.0049, -0.0071, -0.0001, 1.2529
-0.0747, -0.0049, -0.0071, 0.0000, 1.2697
-0.0761, -0.0049, -0.0066, 0.0000, 1.2861
-0.0773, -0.0049, -0.0062, 0.0000, 1.2894
-0.0775, -0.0049, -0.0062, 0.0000, 1.3055
-0.0788, -0.0049, -0.0063, 0.0000, 1.3087
-0.0790, -0.0049, -0.0064, 0.0000, 1.3252
-0.0804, -0.0049, -0.0069, 0.0000, 1.3274
-0.0806, -0.0049, -0.0069, 0.0000, 1.3441
-0.0820, -0.0049, -0.0070, 0.0000, 1.3607
-0.0833, -0.0050, -0.0070, 0.0000, 1.3637
-0.0836, -0.0050, -0.0070, 0.0000, 1.3802
-0.0850, -0.0050, -0.0074, 0.0000, 1.3823
-0.0852, -0.0050, -0.0074, 0.0000, 1.3991
-0.0867, -0.0050, -0.0074, 0.0000, 1.4156
-0.0881, -0.0050, -0.0072, 0.0000, 1.4178
-0.0883, -0.0050, -0.0072, 0.0000, 1.4345
-0.0897, -0.0050, -0.0069, 0.0000, 1.4368
-0.0899, -0.0050, -0.0068, 0.0000, 1.4535
-0.0913, -0.0050, -0.0070, 0.0000, 1.4704
-0.0927, -0.0050, -0.0070, 0.0000, 1.4725
-0.0929, -0.0050, -0.0070, 0.0000, 1.4893
-0.0943, -0.0050, -0.0068, 0.0000, 1.4914
-0.0945, -0.0050, -0.0068, 0.0000, 1.5079
-0.0957, -0.0050, -0.0065, 0.0000, 1.5247
-0.0970, -0.0050, -0.0061, 0.0000, 1.5277
-0.0972, -0.0050, -0.0061, 0.0000, 1.5441
-0.0984, -0.0050, -0.0063, 0.0000, 1.5464
-0.0986, -0.0050, -0.0063, 0.0000, 1.5632
-0.0999, -0.0050, -0.0063, 0.0000, 1.5652
-0.1000, -0.0050, -0.0062, 0.0000, 1.5820
-0.1012, -0.0050, -0.0060, 0.0000, 1.5985
-0.1024, -0.0050, -0.0057, 0.0000, 1.6007
-0.1025, -0.0050, -0.0057, 0.0000, 1.6174
-0.1036, -0.0050, -0.0054, 0.0000, 1.6343
-0.1047, -0.0050, -0.0056, 0.0000, 1.6366
-0.1049, -0.0050, -0.0056, 0.0000, 1.6534
-0.1060, -0.0050, -0.0056, 0.0000, 1.6554
-0.1062, -0.0050, -0.0056, 0.0000, 1.6721
-0.1073, -0.0050, -0.0055, 0.0000, 1.6887
-0.1083, -0.0050, -0.0052, 0.0000, 1.6920
-0.1085, -0.0050, -0.0053, 0.0000, 1.7083
-0.1096, -0.0050, -0.0056, 0.0000, 1.7115
-0.1098, -0.0050, -0.0057, 0.0000, 1.7277
-0.1111, -0.0050, -0.0063, 0.0000, 1.7303
-0.1113, -0.0050, -0.0064, 0.0000, 1.7512
-0.1133, -0.0050, -0.0082, 0.0000, 1.7670
-0.1150, -0.0050, -0.0088, 0.0000, 1.7680
-0.1151, -0.0050, -0.0088, 0.0000, 1.7849
-0.1170, -0.0050, -0.0096, 0.0000, 1.8014
-0.1190, -0.0050, -0.0099, 0.0000, 1.8183
-0.1211, -0.0050, -0.0105, 0.0000, 1.8204
-0.1214, -0.0050, -0.0105, 0.0000, 1.8371
-0.1235, -0.0050, -0.0106, 0.0000, 1.8392
-0.1238, -0.0050, -0.0105, 0.0000, 1.8563
-0.1259, -0.0050, -0.0109, 0.0000, 1.8725
-0.1281, -0.0050, -0.0109, 0.0000, 1.8747
-0.1284, -0.0050, -0.0109, 0.0000, 1.8914
-0.1305, -0.0050, -0.0106, 0.0000, 1.8936
-0.1308, -0.0050, -0.0105, 0.0000, 1.9103
-0.1328, -0.0050, -0.0100, 0.0000, 1.9267
-0.1347, -0.0050, -0.0095, 0.0000, 1.9290
-0.1349, -0.0050, -0.0094, 0.0000, 1.9454
-0.1367, -0.0050, -0.0088, 0.0000, 1.9622
-0.1383, -0.0050, -0.0081, 0.0000, 1.9791
-0.1399, -0.0050, -0.0081, 0.0000, 1.9953
-0.1415, -0.0050, -0.0079, 0.0000, 2.0118
-0.1430, -0.0050, -0.0076, 0.0000, 2.0283
-0.1444, -0.0050, -0.0072, 0.0000, 2.0306
-0.1446, -0.0050, -0.0071, 0.0000, 2.0471
-0.1460, -0.0050, -0.0067, 0.0000, 2.0641
-0.1473, -0.0050, -0.0068, 0.0000, 2.0662
-0.1475, -0.0050, -0.0068, 0.0000, 2.0829
-0.1489, -0.0050, -0.0067, 0.0000, 2.0850
-0.1490, -0.0050, -0.0067, 0.0000, 2.1017
-0.1503, -0.0050, -0.0065, 0.0000, 2.1183
-0.1515, -0.0050, -0.0061, 0.0000, 2.1204
-0.1517, -0.0050, -0.0061, 0.0000, 2.1371
-0.1529, -0.0050, -0.0057, 0.0000, 2.1537
-0.1539, -0.0050, -0.0053, 0.0000, 2.1559
-0.1541, -0.0050, -0.0053, 0.0000, 2.1726
-0.1550, -0.0050, -0.0049, 0.0000, 2.1749
-0.1552, -0.0050, -0.0048, 0.0000, 2.1916
-0.1561, -0.0050, -0.0045, 0.0000, 2.2080
-0.1569, -0.0050, -0.0041, 0.0000, 2.2113
-0.1570, -0.0050, -0.0041, 0.0000, 2.2274
-0.1579, -0.0050, -0.0044, 0.0000, 2.2300
-0.1580, -0.0050, -0.0044, 0.0000, 2.2465
-0.1589, -0.0050, -0.0044, 0.0000, 2.2632
-0.1598, -0.0050, -0.0043, 0.0000, 2.2664
-0.1599, -0.0050, -0.0044, 0.0000, 2.2828
-0.1609, -0.0050, -0.0048, 0.0000, 2.2859
-0.1611, -0.0050, -0.0050, 0.0000, 2.3024
-0.1622, -0.0050, -0.0057, 0.0000, 2.3048
-0.1624, -0.0050, -0.0057, 0.0000, 2.3215
-0.1636, -0.0050, -0.0060, 0.0000, 2.3248
-0.1638, -0.0050, -0.0061, 0.0000, 2.3412
-0.1651, -0.0050, -0.0067, 0.0000, 2.3433
-0.1653, -0.0050, -0.0068, 0.0000, 2.3601
-0.1667, -0.0050, -0.0070, 0.0000, 2.3633
-0.1670, -0.0050, -0.0071, 0.0000, 2.3797
-0.1685, -0.0050, -0.0076, 0.0000, 2.3818
-0.1687, -0.0050, -0.0076, 0.0000, 2.3986
-0.1702, -0.0050, -0.0077, 0.0000, 2.4151
-0.1717, -0.0050, -0.0076, 0.0000, 2.4182
-0.1720, -0.0050, -0.0077, 0.0000, 2.4345
-0.1736, -0.0050, -0.0080, 0.0000, 2.4366
-0.1738, -0.0050, -0.0080, 0.0000, 2.4534
-0.1754, -0.0050, -0.0080, 0.0000, 2.4699
-0.1770, -0.0050, -0.0078, 0.0000, 2.4731
-0.1772, -0.0050, -0.0078, 0.0000, 2.4896
-0.1788, -0.0050, -0.0081, 0.0000, 2.4929
-0.1792, -0.0050, -0.0082, 0.0000, 2.5094
-0.1809, -0.0050, -0.0087, 0.0000, 2.5116
-0.1811, -0.0050, -0.0087, 0.0000, 2.5282
-0.1829, -0.0050, -0.0088, 0.0000, 2.5314
-0.1832, -0.0050, -0.0089, 0.0000, 2.5475
-0.1850, -0.0050, -0.0093, 0.0000, 2.5498
-0.1853, -0.0050, -0.0093, 0.0000, 2.5666
-0.1872, -0.0050, -0.0099, 0.0000, 2.5829
-0.1892, -0.0050, -0.0101, 0.0000, 2.5852
-0.1895, -0.0050, -0.0100, 0.0000, 2.6020
-0.1915, -0.0050, -0.0099, 0.0000, 2.6185
-0.1934, -0.0050, -0.0095, 0.0000, 2.6216
-0.1937, -0.0050, -0.0096, 0.0000, 2.6381
-0.1956, -0.0050, -0.0097, 0.0000, 2.6404
-0.1959, -0.0050, -0.0096, 0.0000, 2.6572
-0.1978, -0.0050, -0.0094, 0.0000, 2.6593
-0.1981, -0.0050, -0.0094, 0.0000, 2.6764
-0.2000, -0.0050, -0.0096, 0.0000, 2.6926
-0.2019, -0.0050, -0.0095, 0.0000, 2.6948
-0.2021, -0.0050, -0.0095, 0.0000, 2.7116
-0.2040, -0.0050, -0.0092, 0.0000, 2.7280
-0.2057, -0.0050, -0.0088, 0.0000, 2.7306
-0.2060, -0.0050, -0.0087, 0.0000, 2.7474
-0.2077, -0.0050, -0.0088, 0.0000, 2.7498
-0.2080, -0.0050, -0.0088, 0.0000, 2.7663
-0.2097, -0.0050, -0.0086, 0.0000, 2.7684
-0.2099, -0.0050, -0.0086, 0.0000, 2.7851
-0.2116, -0.0050, -0.0082, 0.0000, 2.8017
-0.2131, -0.0050, -0.0078, 0.0000, 2.8041
-0.2133, -0.0050, -0.0077, 0.0000, 2.8208
-0.2148, -0.0050, -0.0072, 0.0000, 2.8374
-0.2161, -0.0050, -0.0067, 0.0000, 2.8396
-0.2163, -0.0050, -0.0066, 0.0000, 2.8563
-0.2175, -0.0050, -0.0061, 0.0000, 2.8596
-0.2178, -0.0050, -0.0062, 0.0000, 2.8760
-0.2190, -0.0050, -0.0063, 0.0000, 2.8781
-0.2192, -0.0050, -0.0063, 0.0000, 2.8949
-0.2204, -0.0050, -0.0061, 0.0000, 2.9114
-0.2216, -0.0050, -0.0059, 0.0000, 2.9138
-0.2218, -0.0050, -0.0059, 0.0000, 2.9305
-0.2229, -0.0050, -0.0056, 0.0000, 2.9336
-0.2231, -0.0050, -0.0056, 0.0000, 2.9500
-0.2242, -0.0050, -0.0059, 0.0000, 2.9521
-0.2244, -0.0050, -0.0059, 0.0000, 2.9689
-0.2256, -0.0050, -0.0059, 0.0000, 2.9853
-0.2267, -0.0050, -0.0057, 0.0000, 2.9884
-0.2269, -0.0050, -0.0058, 0.0000, 3.0049
-0.2281, -0.0050, -0.0061, 0.0000, 3.0071
-0.2283, -0.0050, -0.0061, 0.0000, 3.0239
-0.2295, -0.0050, -0.0062, 0.0000, 3.0405
-0.2307, -0.0050, -0.0061, 0.0000, 3.0428
-0.2309, -0.0050, -0.0060, 0.0000, 3.0595
-0.2320, -0.0050, -0.0058, 0.0000, 3.0618
-0.2322, -0.0050, -0.0057, 0.0000, 3.0784
-0.2333, -0.0050, -0.0054, 0.0000, 3.0950
-0.2343, -0.0050, -0.0051, 0.0000, 3.0972
-0.2344, -0.0050, -0.0050, 0.0000, 3.1140
-0.2354, -0.0050, -0.0047, 0.0000, 3.1163
-0.2355, -0.0050, -0.0046, 0.0000, 3.1331
-0.2364, -0.0050, -0.0043, 0.0000, 3.1497
-0.2371, -0.0050, -0.0039, 0.0000, 3.1518
-0.2373, -0.0050, -0.0039, 0.0000, 3.1684
-0.2380, -0.0050, -0.0036, 0.0000, 3.1851
-0.2386, -0.0050, -0.0033, 0.0000, 3.1874
-0.2387, -0.0050, -0.0032, 0.0000, 3.2041
-0.2393, -0.0050, -0.0029, 0.0000, 3.2072
-0.2394, -0.0050, -0.0030, 0.0000, 3.2236
-0.2400, -0.0050, -0.0033, 0.0000, 3.2258
-0.2401, -0.0050, -0.0033, 0.0000, 3.2426
-0.2408, -0.0050, -0.0035, 0.0000, 3.2595
-0.2416, -0.0050, -0.0041, 0.0000, 3.2615
-0.2418, -0.0050, -0.0041, 0.0000, 3.2783
-0.2426, -0.0050, -0.0044, 0.0000, 3.2813
-0.2428, -0.0050, -0.0045, 0.0000, 3.2977
-0.2438, -0.0050, -0.0052, 0.0000, 3.3000
-0.2440, -0.0050, -0.0052, 0.0000, 3.3168
-0.2451, -0.0050, -0.0055, 0.0000, 3.3336
-0.2463, -0.0050, -0.0061, 0.0000, 3.3358
-0.2465, -0.0050, -0.0062, 0.0000, 3.3525
-0.2478, -0.0050, -0.0064, 0.0000, 3.3557
-0.2480, -0.0050, -0.0065, 0.0000, 3.3721
-0.2494, -0.0050, -0.0071, 0.0000, 3.3743
-0.2496, -0.0050, -0.0071, 0.0000, 3.3911
-0.2511, -0.0050, -0.0073, 0.0000, 3.4075
-0.2525, -0.0050, -0.0072, 0.0000, 3.4107
-0.2528, -0.0050, -0.0073, 0.0000, 3.4268
-0.2543, -0.0050, -0.0076, 0.0000, 3.4294
-0.2545, -0.0050, -0.0077, 0.0000, 3.4458
-0.2560, -0.0050, -0.0077, 0.0000, 3.4629
-0.2576, -0.0050, -0.0081, 0.0000, 3.4651
-0.2579, -0.0050, -0.0081, 0.0000, 3.4818
-0.2595, -0.0050, -0.0082, 0.0000, 3.4840
-0.2598, -0.0050, -0.0082, 0.0000, 3.5007
-0.2613, -0.0050, -0.0080, 0.0000, 3.5029
-0.2616, -0.0050, -0.0079, 0.0000, 3.5197
-0.2631, -0.0050, -0.0076, 0.0000, 3.5362
-0.2645, -0.0050, -0.0072, 0.0000, 3.5384
-0.2647, -0.0050, -0.0071, 0.0000, 3.5551
-0.2660, -0.0050, -0.0067, 0.0000, 3.5717
-0.2672, -0.0050, -0.0062, 0.0000, 3.5739
-0.2674, -0.0050, -0.0061, 0.0000, 3.5906
-0.2685, -0.0050, -0.0057, 0.0000, 3.5928
-0.2687, -0.0050, -0.0056, 0.0000, 3.6095
-0.2697, -0.0050, -0.0051, 0.0000, 3.6259
-0.2707, -0.0050, -0.0047, 0.0000, 3.6281
-0.2708, -0.0050, -0.0047, 0.0000, 3.6452
-0.2718, -0.0050, -0.0049, 0.0000, 3.6614
-0.2727, -0.0050, -0.0049, 0.0000, 3.6635
-0.2729, -0.0050, -0.0049, 0.0000, 3.6802
-0.2738, -0.0050, -0.0048, 0.0000, 3.6967
-0.2747, -0.0050, -0.0046, 0.0000, 3.6993
-0.2749, -0.0050, -0.0045, 0.0000, 3.7160
-0.2757, -0.0050, -0.0043, 0.0000, 3.7182
-0.2758, -0.0050, -0.0043, 0.0000, 3.7349
-0.2766, -0.0050, -0.0040, 0.0000, 3.7520
-0.2775, -0.0050, -0.0043, 0.0000, 3.7542
-0.2776, -0.0050, -0.0043, 0.0000, 3.7710
-0.2785, -0.0050, -0.0044, 0.0000, 3.7734
-0.2787, -0.0050, -0.0044, 0.0000, 3.7905
-0.2797, -0.0050, -0.0050, 0.0000, 3.7927
-0.2798, -0.0050, -0.0050, 0.0000, 3.8094
-0.2809, -0.0050, -0.0053, 0.0000, 3.8116
-0.2810, -0.0050, -0.0053, 0.0000, 3.8281
-0.2821, -0.0050, -0.0052, 0.0000, 3.8448
-0.2831, -0.0050, -0.0051, 0.0000, 3.8471
-0.2832, -0.0050, -0.0051, 0.0000, 3.8638
-0.2842, -0.0050, -0.0049, 0.0000, 3.8804
-0.2851, -0.0050, -0.0046, 0.0000, 3.8825
-0.2852, -0.0050, -0.0046, 0.0000, 3.8993
-0.2861, -0.0050, -0.0043, 0.0000, 3.9017
-0.2862, -0.0050, -0.0042, 0.0000, 3.9184
-0.2870, -0.0050, -0.0039, 0.0000, 3.9350
-0.2877, -0.0050, -0.0036, 0.0000, 3.9372
-0.2878, -0.0050, -0.0036, 0.0000, 3.9539
-0.2885, -0.0050, -0.0033, 0.0000, 3.9561
-0.2886, -0.0050, -0.0032, 0.0000, 3.9729
-0.2891, -0.0050, -0.0030, 0.0000, 3.9894
-0.2897, -0.0050, -0.0027, 0.0000, 3.9916
-0.2898, -0.0050, -0.0027, 0.0000, 4.0082
-0.2902, -0.0050, -0.0024, 0.0000, 4.0249
-0.2907, -0.0050, -0.0022, 0.0000, 4.0271
-0.2907, -0.0050, -0.0022, 0.0000, 4.0439
-0.2911, -0.0050, -0.0020, 0.0000, 4.0462
-0.2912, -0.0050, -0.0020, 0.0000, 4.0630
-0.2916, -0.0050, -0.0018, 0.0000, 4.0796
-0.2919, -0.0050, -0.0016, 0.0000, 4.0965
-0.2923, -0.0050, -0.0021, 0.0000, 4.1127
-0.2928, -0.0050, -0.0024, 0.0000, 4.1292
-0.2933, -0.0050, -0.0025, 0.0000, 4.1457
-0.2938, -0.0050, -0.0025, 0.0000, 4.1477
-0.2938, -0.0050, -0.0025, 0.0000, 4.1645
-0.2943, -0.0050, -0.0024, 0.0000, 4.1811
-0.2948, -0.0050, -0.0023, 0.0000, 4.1833
-0.2948, -0.0050, -0.0023, 0.0000, 4.2004
-0.2954, -0.0050, -0.0028, 0.0000, 4.2027
-0.2955, -0.0050, -0.0029, 0.0000, 4.2194
-0.2961, -0.0050, -0.0031, 0.0000, 4.2215
-0.2962, -0.0050, -0.0031, 0.0000, 4.2383
-0.2968, -0.0050, -0.0032, 0.0000, 4.2552
-0.2977, -0.0050, -0.0044, 0.0000, 4.2722
-0.2988, -0.0050, -0.0051, 0.0000, 4.2891
-0.3000, -0.0050, -0.0061, 0.0000, 4.3051
-0.3013, -0.0050, -0.0065, 0.0000, 4.3222
-0.3027, -0.0050, -0.0073, 0.0000, 4.3388
-0.3044, -0.0050, -0.0083, 0.0000, 4.3550
-0.3061, -0.0050, -0.0087, 0.0000, 4.3717
-0.3078, -0.0050, -0.0088, 0.0000, 4.3884
-0.3097, -0.0050, -0.0093, 0.0000, 4.3907
-0.3100, -0.0050, -0.0093, 0.0000, 4.4071
-0.3118, -0.0050, -0.0093, 0.0000, 4.4103
-0.3121, -0.0050, -0.0094, 0.0000, 4.4264
-0.3141, -0.0050, -0.0097, 0.0000, 4.4287
-0.3143, -0.0050, -0.0097, 0.0000, 4.4452
-0.3162, -0.0050, -0.0097, 0.0000, 4.4619
-0.3181, -0.0050, -0.0094, 0.0000, 4.4641
-0.3184, -0.0050, -0.0094, 0.0000, 4.4808
-0.3202, -0.0050, -0.0090, 0.0000, 4.4977
-0.3220, -0.0050, -0.0091, 0.0000, 4.4999
-0.3223, -0.0050, -0.0090, 0.0000, 4.5166
-0.3240, -0.0050, -0.0089, 0.0000, 4.5190
-0.3243, -0.0050, -0.0088, 0.0000, 4.5357
-0.3260, -0.0050, -0.0085, 0.0000, 4.5522
-0.3276, -0.0050, -0.0080, 0.0000, 4.5544
-0.3278, -0.0050, -0.0080, 0.0000, 4.5711
-0.3293, -0.0050, -0.0075, 0.0000, 4.5743
-0.3295, -0.0050, -0.0075, 0.0000, 4.5907
-0.3310, -0.0050, -0.0075, 0.0000, 4.5928
-0.3313, -0.0050, -0.0075, 0.0000, 4.6096
-0.3327, -0.0050, -0.0074, 0.0000, 4.6260
-0.3341, -0.0050, -0.0071, 0.0000, 4.6282
-0.3343, -0.0050, -0.0070, 0.0000, 4.6449
-0.3356, -0.0050, -0.0066, 0.0000, 4.6618
-0.3370, -0.0050, -0.0068, 0.0000, 4.6640
-0.3372, -0.0050, -0.0068, 0.0000, 4.6807
-0.3386, -0.0050, -0.0068, 0.0000, 4.6828
-0.3387, -0.0050, -0.0068, 0.0000, 4.6995
-0.3400, -0.0050, -0.0065, 0.0000, 4.7164
-0.3414, -0.0050, -0.0069, 0.0000, 4.7185
-0.3416, -0.0050, -0.0069, 0.0000, 4.7356
-0.3431, -0.0050, -0.0075, 0.0000, 4.7378
-0.3433, -0.0050, -0.0075, 0.0000, 4.7545
-0.3449, -0.0050, -0.0077, 0.0000, 4.7711
-0.3464, -0.0050, -0.0077, 0.0000, 4.7734
-0.3466, -0.0050, -0.0076, 0.0000, 4.7902
-0.3481, -0.0050, -0.0074, 0.0000, 4.7925
-0.3483, -0.0050, -0.0073, 0.0000, 4.8092
-0.3497, -0.0050, -0.0070, 0.0000, 4.8257
-0.3510, -0.0050, -0.0066, 0.0000, 4.8281
-0.3512, -0.0050, -0.0065, 0.0000, 4.8448
-0.3524, -0.0050, -0.0061, 0.0000, 4.8470
-0.3526, -0.0050, -0.0060, 0.0000, 4.8640
-0.3538, -0.0050, -0.0062, 0.0000, 4.8803
-0.3550, -0.0050, -0.0061, 0.0000, 4.8827
-0.3552, -0.0050, -0.0061, 0.0000, 4.8994
-0.3564, -0.0050, -0.0059, 0.0000, 4.9018
-0.3566, -0.0050, -0.0059, 0.0000, 4.9185
-0.3577, -0.0050, -0.0056, 0.0000, 4.9351
-0.3587, -0.0050, -0.0053, 0.0000, 4.9373
-0.3589, -0.0050, -0.0052, 0.0000, 4.9540
-0.3599, -0.0050, -0.0049, 0.0000, 4.9562
-0.3600, -0.0050, -0.0048, 0.0000, 4.9729
-0.3609, -0.0050, -0.0045, 0.0000, 4.9895
-0.3617, -0.0050, -0.0041, 0.0000, 4.9918
-0.3618, -0.0050, -0.0041, 0.0000, 5.0084
-0.3626, -0.0050, -0.0037, 0.0000, 5.0110
-0.3627, -0.0050, -0.0037, 0.0000, 5.0273
-0.3633, -0.0050, -0.0034, 0.0000, 5.0440
-0.3640, -0.0050, -0.0031, 0.0000, 5.0470
-0.3641, -0.0050, -0.0031, 0.0000, 5.0634
-0.3647, -0.0050, -0.0035, 0.0000, 5.0656
-0.3648, -0.0050, -0.0035, 0.0000, 5.0823
-0.3656, -0.0050, -0.0036, 0.0000, 5.0989
-0.3663, -0.0050, -0.0036, 0.0000, 5.1009
-0.3664, -0.0050, -0.0036, 0.0000, 5.1177
-0.3671, -0.0050, -0.0035, 0.0000, 5.1342
-0.3677, -0.0050, -0.0033, 0.0000, 5.1360
-0.3678, -0.0050, -0.0033, 0.0000, 5.1532
-0.3685, -0.0050, -0.0037, 0.0000, 5.1697
-0.3694, -0.0050, -0.0045, 0.0000, 5.1720
-0.3696, -0.0050, -0.0046, 0.0000, 5.1888
-0.3706, -0.0050, -0.0050, 0.0000, 5.1918
-0.3707, -0.0050, -0.0051, 0.0000, 5.2081
-0.3719, -0.0050, -0.0058, 0.0000, 5.2104
-0.3721, -0.0050, -0.0059, 0.0000, 5.2271
-0.3734, -0.0050, -0.0068, 0.0000, 5.2435
-0.3748, -0.0050, -0.0072, 0.0000, 5.2456
-0.3750, -0.0050, -0.0072, 0.0000, 5.2624
-0.3765, -0.0050, -0.0073, 0.0000, 5.2647
-0.3767, -0.0050, -0.0073, 0.0000, 5.2814
-0.3781, -0.0050, -0.0072, 0.0000, 5.2980
-0.3795, -0.0050, -0.0069, 0.0000, 5.3004
-0.3797, -0.0050, -0.0068, 0.0000, 5.3174
-0.3811, -0.0050, -0.0071, 0.0000, 5.3197
-0.3813, -0.0050, -0.0071, 0.0000, 5.3364
-0.3827, -0.0050, -0.0071, 0.0000, 5.3530
-0.3841, -0.0050, -0.0069, 0.0000, 5.3552
-0.3843, -0.0050, -0.0068, 0.0000, 5.3720
-0.3856, -0.0050, -0.0065, 0.0000, 5.3750
-0.3858, -0.0050, -0.0066, 0.0000, 5.3914
-0.3872, -0.0050, -0.0068, 0.0000, 5.3936
-0.3874, -0.0050, -0.0068, 0.0000, 5.4104
-0.3887, -0.0050, -0.0067, 0.0000, 5.4268
-0.3900, -0.0050, -0.0065, 0.0000, 5.4290
-0.3902, -0.0050, -0.0065, 0.0000, 5.4455
-0.3914, -0.0050, -0.0062, 0.0000, 5.4622
-0.3925, -0.0050, -0.0058, 0.0000, 5.4654
-0.3928, -0.0050, -0.0059, 0.0000, 5.4819
-0.3940, -0.0050, -0.0061, 0.0000, 5.4841
-0.3941, -0.0050, -0.0061, 0.0000, 5.5009
-0.3953, -0.0050, -0.0060, 0.0000, 5.5030
-0.3955, -0.0050, -0.0060, 0.0000, 5.5198
-0.3967, -0.0050, -0.0058, 0.0000, 5.5367
-0.3979, -0.0050, -0.0062, 0.0000, 5.5532
-0.3993, -0.0050, -0.0069, 0.0000, 5.5695
-0.4007, -0.0050, -0.0072, 0.0000, 5.5859
-0.4021, -0.0050, -0.0072, 0.0000, 5.6030
-0.4036, -0.0050, -0.0077, 0.0000, 5.6051
-0.4039, -0.0050, -0.0077, 0.0000, 5.6218
-0.4054, -0.0050, -0.0078, 0.0000, 5.6252
-0.4057, -0.0050, -0.0078, 0.0000, 5.6416
-0.4074, -0.0050, -0.0083, 0.0000, 5.6447
-0.4077, -0.0050, -0.0084, 0.0000, 5.6614
-0.4096, -0.0050, -0.0096, 0.0000, 5.6636
-0.4099, -0.0050, -0.0097, 0.0000, 5.6807
-0.4121, -0.0050, -0.0109, 0.0000, 5.6828
-0.4124, -0.0050, -0.0109, 0.0000, 5.6995
-0.4147, -0.0050, -0.0114, 0.0000, 5.7161
-0.4169, -0.0050, -0.0114, 0.0000, 5.7181
-0.4172, -0.0050, -0.0113, 0.0000, 5.7349
-0.4194, -0.0050, -0.0110, 0.0000, 5.7515
-0.4215, -0.0050, -0.0106, 0.0000, 5.7538
-0.4218, -0.0050, -0.0105, 0.0000, 5.7706
-0.4238, -0.0050, -0.0099, 0.0000, 5.7729
-0.4241, -0.0050, -0.0098, 0.0000, 5.7897
-0.4259, -0.0050, -0.0091, 0.0000, 5.8060
-0.4276, -0.0050, -0.0085, 0.0000, 5.8082
-0.4278, -0.0050, -0.0084, 0.0000, 5.8249
-0.4293, -0.0050, -0.0078, 0.0000, 5.8280
-0.4296, -0.0050, -0.0078, 0.0000, 5.8444
-0.4312, -0.0050, -0.0077, 0.0000, 5.8477
-0.4314, -0.0050, -0.0078, 0.0000, 5.8641
-0.4331, -0.0050, -0.0081, 0.0000, 5.8662
-0.4333, -0.0050, -0.0081, 0.0000, 5.8830
-0.4349, -0.0050, -0.0081, 0.0000, 5.8995
-0.4365, -0.0050, -0.0079, 0.0000, 5.9028
-0.4368, -0.0050, -0.0080, 0.0000, 5.9192
-0.4384, -0.0050, -0.0082, 0.0000, 5.9214
-0.4386, -0.0050, -0.0082, 0.0000, 5.9381
-0.4403, -0.0050, -0.0082, 0.0000, 5.9547
-0.4418, -0.0050, -0.0079, 0.0000, 5.9568
-0.4421, -0.0050, -0.0079, 0.0000, 5.9739
-0.4437, -0.0050, -0.0081, 0.0000, 5.9761
-0.4439, -0.0050, -0.0081, 0.0000, 5.9928
-0.4455, -0.0050, -0.0080, 0.0000, 6.0101
-0.4472, -0.0050, -0.0084, 0.0000, 6.0258
-0.4489, -0.0050, -0.0085, 0.0000, 6.0429
-0.4507, -0.0050, -0.0089, 0.0000, 6.0591
-0.4524, -0.0050, -0.0090, 0.0000, 6.0757
-0.4542, -0.0050, -0.0088, 0.0000, 6.0788
-0.4545, -0.0050, -0.0089, 0.0000, 6.0951
-0.4563, -0.0050, -0.0091, 0.0000, 6.0975
-0.4566, -0.0050, -0.0091, 0.0000, 6.1143
-0.4584, -0.0050, -0.0090, 0.0000, 6.1165
-0.4586, -0.0050, -0.0089, 0.0000, 6.1332
-0.4603, -0.0050, -0.0086, 0.0000, 6.1501
-0.4622, -0.0050, -0.0095, 0.0000, 6.1524
-0.4625, -0.0050, -0.0095, 0.0000, 6.1693
-0.4646, -0.0050, -0.0104, 0.0000, 6.1705
-0.4648, -0.0050, -0.0104, 0.0000, 6.1870
-0.4669, -0.0050, -0.0107, 0.0000, 6.2037
-0.4690, -0.0050, -0.0107, 0.0000, 6.2048
-0.4692, -0.0050, -0.0106, 0.0000, 6.2215
-0.4712, -0.0050, -0.0103, 0.0000, 6.2381
-0.4732, -0.0050, -0.0099, 0.0000, 6.2546
-0.4751, -0.0050, -0.0093, 0.0000, 6.2578
-0.4754, -0.0050, -0.0093, 0.0000, 6.2743
-0.4772, -0.0050, -0.0093, 0.0000, 6.2763
-0.4775, -0.0050, -0.0092, 0.0000, 6.2932
-0.4793, -0.0050, -0.0090, 0.0000, 6.3100
-0.4811, -0.0050, -0.0092, 0.0000, 6.3130
-0.4814, -0.0050, -0.0092, 0.0001, 6.3294
-0.4833, -0.0049, -0.0091, 0.0007, 6.3316
-0.4835, -0.0048, -0.0090, 0.0008, 6.3482
-0.4852, -0.0046, -0.0087, 0.0011, 6.3506
-0.4855, -0.0046, -0.0086, 0.0011, 6.3671
-0.4871, -0.0043, -0.0082, 0.0013, 6.3841
-0.4888, -0.0040, -0.0083, 0.0014, 6.3863
-0.4890, -0.0040, -0.0083, 0.0014, 6.4030
-0.4907, -0.0037, -0.0082, 0.0015, 6.4052
-0.4909, -0.0037, -0.0081, 0.0014, 6.4218
-0.4924, -0.0034, -0.0078, 0.0014, 6.4384
-0.4939, -0.0031, -0.0074, 0.0014, 6.4406
-0.4941, -0.0031, -0.0073, 0.0014, 6.4573
-0.4955, -0.0028, -0.0069, 0.0013, 6.4738
-0.4967, -0.0026, -0.0064, 0.0012, 6.4760
-0.4969, -0.0025, -0.0063, 0.0012, 6.4927
-0.4981, -0.0023, -0.0059, 0.0011, 6.5093
-0.4992, -0.0021, -0.0054, 0.0010, 6.5125
-0.4994, -0.0021, -0.0054, 0.0010, 6.5288
-0.5005, -0.0019, -0.0056, 0.0009, 6.5310
-0.5006, -0.0019, -0.0056, 0.0009, 6.5480
-0.5018, -0.0017, -0.0061, 0.0009, 6.5503
-0.5020, -0.0017, -0.0062, 0.0008, 6.5667
-0.5033, -0.0015, -0.0064, 0.0008, 6.5835
-0.5046, -0.0014, -0.0063, 0.0007, 6.5857
-0.5047, -0.0014, -0.0063, 0.0007, 6.6024
-0.5059, -0.0012, -0.0061, 0.0006, 6.6046
-0.5061, -0.0012, -0.0061, 0.0006, 6.6213
-0.5073, -0.0011, -0.0058, 0.0006, 6.6382
-0.5085, -0.0010, -0.0061, 0.0005, 6.6414
-0.5087, -0.0010, -0.0062, 0.0005, 6.6578
-0.5101, -0.0009, -0.0068, 0.0005, 6.6609
-0.5103, -0.0009, -0.0069, 0.0005, 6.6773
-0.5119, -0.0008, -0.0077, 0.0004, 6.6794
-0.5121, -0.0008, -0.0078, 0.0004, 6.6962
-0.5137, -0.0007, -0.0080, 0.0004, 6.6992
-0.5139, -0.0007, -0.0081, 0.0004, 6.7156
-0.5157, -0.0006, -0.0087, 0.0003, 6.7322
-0.5175, -0.0006, -0.0094, 0.0003, 6.7339
-0.5178, -0.0006, -0.0095, 0.0003, 6.7507
-0.5197, -0.0005, -0.0097, 0.0003, 6.7671
-0.5216, -0.0005, -0.0096, 0.0002, 6.7693
-0.5219, -0.0005, -0.0096, 0.0002, 6.7858
-0.5237, -0.0004, -0.0093, 0.0002, 6.7878
-0.5239, -0.0004, -0.0092, 0.0002, 6.8047
-0.5257, -0.0004, -0.0088, 0.0002, 6.8212
-0.5273, -0.0003, -0.0083, 0.0002, 6.8233
-0.5276, -0.0003, -0.0082, 0.0002, 6.8401
-0.5291, -0.0003, -0.0077, 0.0002, 6.8567
-0.5305, -0.0003, -0.0071, 0.0001, 6.8590
-0.5307, -0.0003, -0.0070, 0.0001, 6.8757
-0.5320, -0.0002, -0.0065, 0.0001, 6.8781
-0.5322, -0.0002, -0.0064, 0.0001, 6.8949
-0.5334, -0.0002, -0.0059, 0.0001, 6.9114
-0.5344, -0.0002, -0.0054, 0.0001, 6.9145
-0.5346, -0.0002, -0.0054, 0.0001, 6.9309
-0.5357, -0.0002, -0.0055, 0.0001, 6.9339
-0.5359, -0.0002, -0.0056, 0.0001, 6.9504
-0.5371, -0.0002, -0.0061, 0.0001, 6.9525
-0.5373, -0.0001, -0.0062, 0.0001, 6.9693
-0.5386, -0.0001, -0.0063, 0.0001, 6.9857
-0.5398, -0.0001, -0.0063, 0.0001, 6.9878
-0.5400, -0.0001, -0.0062, 0.0001, 7.0049
-0.5413, -0.0001, -0.0067, 0.0001, 7.0211
-0.5426, -0.0001, -0.0068, 0.0001, 7.0233
-0.5428, -0.0001, -0.0068, 0.0001, 7.0401
-0.5441, -0.0001, -0.0067, 0.0000, 7.0433
-0.5444, -0.0001, -0.0067, 0.0000, 7.0600
-0.5459, -0.0001, -0.0077, 0.0000, 7.0623
-0.5462, -0.0001, -0.0078, 0.0000, 7.0790
-0.5478, -0.0001, -0.0081, 0.0000, 7.0821
-0.5481, -0.0001, -0.0083, 0.0000, 7.0985
-0.5498, -0.0001, -0.0089, 0.0000, 7.1007
-0.5501, -0.0001, -0.0089, 0.0000, 7.1175
-0.5519, -0.0001, -0.0090, 0.0000, 7.1340
-0.5537, -0.0001, -0.0089, 0.0000, 7.1370
-0.5540, 0.0000, -0.0090, 0.0000, 7.1534
-0.5558, 0.0000, -0.0092, 0.0000, 7.1565
-0.5561, 0.0000, -0.0093, 0.0000, 7.1729
-0.5581, 0.0000, -0.0098, 0.0000, 7.1752
-0.5584, 0.0000, -0.0098, 0.0000, 7.1920
-0.5604, 0.0000, -0.0099, 0.0000, 7.2085
-0.5623, 0.0000, -0.0097, 0.0000, 7.2117
-0.5626, 0.0000, -0.0097, 0.0000, 7.2277
-0.5646, 0.0000, -0.0099, 0.0000, 7.2300
-0.5648, 0.0000, -0.0099, 0.0000, 7.2465
-0.5668, 0.0000, -0.0097, 0.0000, 7.2635
-0.5688, 0.0000, -0.0100, 0.0000, 7.2656
-0.5691, 0.0000, -0.0100, 0.0000, 7.2823
-0.5710, 0.0000, -0.0099, 0.0000, 7.2844
-0.5713, 0.0000, -0.0099, 0.0000, 7.3011
-0.5732, 0.0000, -0.0095, 0.0000, 7.3177
-0.5750, 0.0000, -0.0091, 0.0000, 7.3199
-0.5753, 0.0000, -0.0090, 0.0000, 7.3366
-0.5769, 0.0000, -0.0085, 0.0000, 7.3391
-0.5772, 0.0000, -0.0084, 0.0000, 7.3558
-0.5788, 0.0000, -0.0078, 0.0000, 7.3728
-0.5803, 0.0000, -0.0079, 0.0000, 7.3893
-0.5820, 0.0000, -0.0083, 0.0000, 7.4054
-0.5837, 0.0000, -0.0084, 0.0000, 7.4222
-0.5853, 0.0000, -0.0083, 0.0000, 7.4391
-0.5870, 0.0000, -0.0086, 0.0000, 7.4413
-0.5873, 0.0000, -0.0086, 0.0000, 7.4593
-0.5890, 0.0000, -0.0086, 0.0000, 7.4614
-0.5894, 0.0000, -0.0085, 0.0000, 7.4781
-0.5910, 0.0000, -0.0083, 0.0000, 7.4803
-0.5912, 0.0000, -0.0082, 0.0000, 7.4970
-0.5928, 0.0000, -0.0078, 0.0000, 7.5002
-0.5931, 0.0000, -0.0079, 0.0000, 7.5167
-0.5947, 0.0000, -0.0080, 0.0000, 7.5189
-0.5949, 0.0000, -0.0080, 0.0000, 7.5356
-0.5965, 0.0000, -0.0078, 0.0000, 7.5525
-0.5981, 0.0000, -0.0082, 0.0000, 7.5547
-0.5983, 0.0000, -0.0082, 0.0000, 7.5714
-0.6000, 0.0000, -0.0081, 0.0000, 7.5736
-0.6002, 0.0000, -0.0081, 0.0000, 7.5903
-0.6018, 0.0000, -0.0079, 0.0000, 7.6070
-0.6034, 0.0000, -0.0082, 0.0000, 7.6103
-0.6037, 0.0000, -0.0083, 0.0000, 7.6264
-0.6054, 0.0000, -0.0088, 0.0000, 7.6295
-0.6057, 0.0000, -0.0089, 0.0000, 7.6457
-0.6076, 0.0000, -0.0096, 0.0000, 7.6478
-0.6079, 0.0000, -0.0096, 0.0000, 7.6649
-0.6100, 0.0000, -0.0104, 0.0000, 7.6811
-0.6121, 0.0000, -0.0107, 0.0000, 7.6841
-0.6125, 0.0000, -0.0108, 0.0000, 7.7010
-0.6148, 0.0000, -0.0119, 0.0000, 7.7030
-0.6152, 0.0000, -0.0120, 0.0000, 7.7198
-0.6177, 0.0000, -0.0123, 0.0000, 7.7220
-0.6180, 0.0000, -0.0123, 0.0000, 7.7388
-0.6204, 0.0000, -0.0122, 0.0000, 7.7558
-0.6229, 0.0000, -0.0125, 0.0000, 7.7722
-0.6256, 0.0000, -0.0136, 0.0000, 7.7886
-0.6285, 0.0000, -0.0146, 0.0000, 7.8051
-0.6315, 0.0000, -0.0149, 0.0000, 7.8217
-0.6344, 0.0000, -0.0148, 0.0000, 7.8247
-0.6350, 0.0000, -0.0147, 0.0000, 7.8414
-0.6378, 0.0000, -0.0142, 0.0000, 7.8436
-0.6382, 0.0000, -0.0141, 0.0000, 7.8603
-0.6408, 0.0000, -0.0134, 0.0000, 7.8625
-0.6412, 0.0000, -0.0132, 0.0000, 7.8792
-0.6437, 0.0000, -0.0124, 0.0000, 7.8959
-0.6460, 0.0000, -0.0116, 0.0000, 7.8981
-0.6463, 0.0000, -0.0115, 0.0000, 7.9152
-0.6486, 0.0000, -0.0112, 0.0000, 7.9173
-0.6489, 0.0000, -0.0112, 0.0000, 7.9341
-0.6510, 0.0000, -0.0107, 0.0000, 7.9506
-0.6531, 0.0000, -0.0101, 0.0000, 7.9527
-0.6533, 0.0000, -0.0100, 0.0000, 7.9695
-0.6552, 0.0000, -0.0094, 0.0000, 7.9716
-0.6555, 0.0000, -0.0093, 0.0000, 7.9882
-0.6572, 0.0000, -0.0087, 0.0000, 8.0049
-0.6588, 0.0000, -0.0080, 0.0000, 8.0071
-0.6590, 0.0000, -0.0079, 0.0000, 8.0239
-0.6604, 0.0000, -0.0073, 0.0000, 8.0404
-0.6618, 0.0000, -0.0067, 0.0000, 8.0426
-0.6620, 0.0000, -0.0066, 0.0000, 8.0594
-0.6632, 0.0000, -0.0060, 0.0000, 8.0615
-0.6633, 0.0000, -0.0060, 0.0000, 8.0782
-0.6644, 0.0000, -0.0054, 0.0000, 8.0948
-0.6654, 0.0000, -0.0050, 0.0000, 8.0970
-0.6655, 0.0000, -0.0049, 0.0000, 8.1137
-0.6664, 0.0000, -0.0044, 0.0000, 8.1302
-0.6672, 0.0000, -0.0040, 0.0000, 8.1333
-0.6674, 0.0000, -0.0041, 0.0000, 8.1501
-0.6683, 0.0000, -0.0049, 0.0000, 8.1522
-0.6685, 0.0000, -0.0050, 0.0000, 8.1690
-0.6696, 0.0000, -0.0054, 0.0000, 8.1711
-0.6697, 0.0000, -0.0054, 0.0000, 8.1877
-0.6708, 0.0000, -0.0055, 0.0000, 8.2044
-0.6719, 0.0000, -0.0055, 0.0000, 8.2076
-0.6721, 0.0000, -0.0055, 0.0000, 8.2241
-0.6733, 0.0000, -0.0059, 0.0000, 8.2262
-0.6734, 0.0000, -0.0059, 0.0000, 8.2430
-0.6746, 0.0000, -0.0060, 0.0000, 8.2452
-0.6748, 0.0000, -0.0060, 0.0000, 8.2623
-0.6761, 0.0000, -0.0065, 0.0000, 8.2789
-0.6776, 0.0000, -0.0073, 0.0000, 8.2813
-0.6778, 0.0000, -0.0074, 0.0000, 8.2981
-0.6794, 0.0000, -0.0077, 0.0000, 8.3003
-0.6796, 0.0000, -0.0077, 0.0000, 8.3170
-0.6811, 0.0000, -0.0077, 0.0000, 8.3336
-0.6826, 0.0000, -0.0075, 0.0000, 8.3357
-0.6828, 0.0000, -0.0074, 0.0000, 8.3525
-0.6842, 0.0000, -0.0071, 0.0000, 8.3547
-0.6844, 0.0000, -0.0071, 0.0000, 8.3714
-0.6858, 0.0000, -0.0067, 0.0000, 8.3878
-0.6870, 0.0000, -0.0062, 0.0000, 8.3902
-0.6872, 0.0000, -0.0062, 0.0000, 8.4070
-0.6884, 0.0000, -0.0063, 0.0000, 8.4233
-0.6897, 0.0000, -0.0063, 0.0000, 8.4265
-0.6899, 0.0000, -0.0064, 0.0000, 8.4429
-0.6912, 0.0000, -0.0068, 0.0000, 8.4453
-0.6914, 0.0000, -0.0068, 0.0000, 8.4620
-0.6928, 0.0000, -0.0068, 0.0000, 8.4641
-0.6930, 0.0000, -0.0068, 0.0000, 8.4808
-0.6943, 0.0000, -0.0067, 0.0000, 8.4974
-0.6956, 0.0000, -0.0064, 0.0000, 8.4997
-0.6958, 0.0000, -0.0064, 0.0000, 8.5164
-0.6970, 0.0000, -0.0060, 0.0000, 8.5188
-0.6972, 0.0000, -0.0060, 0.0000, 8.5355
-0.6983, 0.0000, -0.0056, 0.0000, 8.5521
-0.6993, 0.0000, -0.0052, 0.0000, 8.5543
-0.6994, 0.0000, -0.0051, 0.0000, 8.5710
-0.7004, 0.0000, -0.0047, 0.0000, 8.5741
-0.7006, 0.0000, -0.0048, 0.0000, 8.5909
-0.7017, 0.0000, -0.0056, 0.0000, 8.5931
-0.7019, 0.0000, -0.0057, 0.0000, 8.6099
-0.7031, 0.0000, -0.0061, 0.0000, 8.6263
-0.7043, 0.0000, -0.0062, 0.0000, 8.6433
-0.7056, 0.0000, -0.0067, 0.0000, 8.6596
-0.7070, 0.0000, -0.0069, 0.0000, 8.6761
-0.7083, 0.0000, -0.0068, 0.0000, 8.6927
-0.7097, 0.0000, -0.0066, 0.0000, 8.6949
-0.7099, 0.0000, -0.0066, 0.0000, 8.7117
-0.7111, 0.0000, -0.0063, 0.0000, 8.7148
-0.7113, 0.0000, -0.0063, 0.0000, 8.7315
-0.7128, 0.0000, -0.0072, 0.0000, 8.7336
-0.7130, 0.0000, -0.0072, 0.0000, 8.7504
-0.7145, 0.0000, -0.0076, 0.0000, 8.7668
-0.7160, 0.0000, -0.0076, 0.0000, 8.7699
-0.7163, 0.0000, -0.0077, 0.0000, 8.7860
-0.7179, 0.0000, -0.0081, 0.0000, 8.7882
-0.7181, 0.0000, -0.0081, 0.0000, 8.8050
-0.7197, 0.0000, -0.0081, 0.0000, 8.8215
-0.7213, 0.0000, -0.0080, 0.0000, 8.8237
-0.7215, 0.0000, -0.0079, 0.0000, 8.8405
-0.7230, 0.0000, -0.0076, 0.0000, 8.8570
-0.7244, 0.0000, -0.0072, 0.0000, 8.8736
-0.7259, 0.0000, -0.0074, 0.0000, 8.8746
-0.7260, 0.0000, -0.0074, 0.0000, 8.8914
-0.7275, 0.0000, -0.0073, 0.0000, 8.8935
-0.7277, 0.0000, -0.0072, 0.0000, 8.9102
-0.7290, 0.0000, -0.0070, 0.0000, 8.9266
-0.7304, 0.0000, -0.0067, 0.0000, 8.9288
-0.7305, 0.0000, -0.0066, 0.0000, 8.9453
-0.7318, 0.0000, -0.0062, 0.0000, 8.9620
-0.7329, 0.0000, -0.0058, 0.0000, 8.9653
-0.7332, 0.0000, -0.0060, 0.0000, 8.9821
-0.7345, 0.0000, -0.0067, 0.0000, 8.9842
-0.7347, 0.0000, -0.0067, 0.0000, 9.0010
-0.7361, 0.0000, -0.0070, 0.0000, 9.0032
-0.7363, 0.0000, -0.0070, 0.0000, 9.0202
-0.7378, 0.0000, -0.0077, 0.0000, 9.0365
-0.7394, 0.0000, -0.0079, 0.0000, 9.0396
-0.7397, 0.0000, -0.0080, 0.0000, 9.0560
-0.7414, 0.0000, -0.0085, 0.0000, 9.0593
-0.7417, 0.0000, -0.0089, 0.0000, 9.0761
-0.7441, -0.0001, -0.0119, -0.0006, 9.0927
-0.7469, -0.0003, -0.0143, -0.0010, 9.1101
-0.7501, -0.0006, -0.0162, -0.0013, 9.1274
-0.7540, -0.0009, -0.0171, -0.0014, 9.1442
-0.7574, -0.0012, -0.0172, -0.0015, 9.1605
-0.7607, -0.0015, -0.0168, -0.0014, 9.1772
-0.7639, -0.0018, -0.0161, -0.0014, 9.1794
-0.7643, -0.0018, -0.0160, -0.0014, 9.1961
-0.7673, -0.0021, -0.0151, -0.0013, 9.1982
-0.7678, -0.0021, -0.0150, -0.0013, 9.2150
-0.7706, -0.0023, -0.0140, -0.0012, 9.2315
-0.7731, -0.0026, -0.0130, -0.0012, 9.2336
-0.7735, -0.0026, -0.0129, -0.0012, 9.2504
-0.7759, -0.0028, -0.0119, -0.0011, 9.2668
-0.7780, -0.0030, -0.0110, -0.0010, 9.2691
-0.7783, -0.0030, -0.0108, -0.0010, 9.2856
-0.7803, -0.0032, -0.0099, -0.0009, 9.3022
-0.7821, -0.0034, -0.0091, -0.0008, 9.3034
-0.7823, -0.0034, -0.0090, -0.0008, 9.3202
-0.7839, -0.0035, -0.0082, -0.0007, 9.3368
-0.7854, -0.0037, -0.0075, -0.0007, 9.3390
-0.7856, -0.0037, -0.0074, -0.0007, 9.3557
-0.7870, -0.0038, -0.0067, -0.0006, 9.3723
-0.7882, -0.0039, -0.0061, -0.0006, 9.3746
-0.7883, -0.0039, -0.0060, -0.0005, 9.3913
-0.7894, -0.0040, -0.0055, -0.0005, 9.3935
-0.7896, -0.0041, -0.0054, -0.0005, 9.4102
-0.7906, -0.0041, -0.0049, -0.0004, 9.4267
-0.7915, -0.0042, -0.0045, -0.0004, 9.4290
-0.7916, -0.0042, -0.0044, -0.0004, 9.4454
-0.7924, -0.0043, -0.0040, -0.0004, 9.4621
-0.7931, -0.0044, -0.0036, -0.0003, 9.4652
-0.7932, -0.0044, -0.0037, -0.0003, 9.4816
-0.7940, -0.0044, -0.0039, -0.0003, 9.4838
-0.7941, -0.0044, -0.0039, -0.0003, 9.5007
-0.7949, -0.0045, -0.0040, -0.0003, 9.5171
-0.7957, -0.0045, -0.0039, -0.0002, 9.5194
-0.7958, -0.0046, -0.0039, -0.0002, 9.5361
-0.7965, -0.0046, -0.0037, -0.0002, 9.5383
-0.7966, -0.0046, -0.0037, -0.0002, 9.5550
-0.7973, -0.0046, -0.0035, -0.0002, 9.5719
-0.7981, -0.0047, -0.0039, -0.0002, 9.5741
-0.7982, -0.0047, -0.0040, -0.0002, 9.5908
-0.7991, -0.0047, -0.0041, -0.0002, 9.5930
-0.7992, -0.0047, -0.0041, -0.0002, 9.6097
-0.8000, -0.0047, -0.0041, -0.0001, 9.6261
-0.8008, -0.0048, -0.0040, -0.0001, 9.6284
-0.8009, -0.0048, -0.0040, -0.0001, 9.6455
-0.8018, -0.0048, -0.0044, -0.0001, 9.6617
-0.8027, -0.0048, -0.0046, -0.0001, 9.6648
-0.8028, -0.0048, -0.0047, -0.0001, 9.6813
-0.8039, -0.0048, -0.0053, -0.0001, 9.6837
-0.8041, -0.0048, -0.0053, -0.0001, 9.7008
-0.8053, -0.0049, -0.0062, -0.0001, 9.7029
-0.8055, -0.0049, -0.0062, -0.0001, 9.7196
-0.8068, -0.0049, -0.0066, -0.0001, 9.7227
-0.8070, -0.0049, -0.0067, -0.0001, 9.7391
-0.8085, -0.0049, -0.0073, -0.0001, 9.7422
-0.8087, -0.0049, -0.0075, -0.0001, 9.7587
-0.8104, -0.0049, -0.0083, -0.0001, 9.7619
-0.8107, -0.0049, -0.0085, -0.0001, 9.7784
-0.8126, -0.0049, -0.0093, 0.0000, 9.7806
-0.8128, -0.0049, -0.0093, 0.0000, 9.7974
-0.8147, -0.0049, -0.0096, 0.0000, 9.8142
-0.8168, -0.0049, -0.0102, 0.0000, 9.8164
-0.8171, -0.0049, -0.0102, 0.0000, 9.8331
-0.8191, -0.0049, -0.0103, 0.0000, 9.8358
-0.8195, -0.0049, -0.0103, 0.0000, 9.8525
-0.8215, -0.0049, -0.0100, 0.0000, 9.8548
-0.8218, -0.0049, -0.0100, 0.0000, 9.8715
-0.8237, -0.0049, -0.0096, 0.0000, 9.8879
-0.8255, -0.0050, -0.0090, 0.0000, 9.8903
-0.8257, -0.0050, -0.0090, 0.0000, 9.9067
-0.8274, -0.0050, -0.0084, 0.0000, 9.9234
-0.8289, -0.0050, -0.0078, 0.0000, 9.9265
-0.8292, -0.0050, -0.0078, 0.0000, 9.9429
-0.8308, -0.0050, -0.0078, 0.0000, 9.9450
-0.8310, -0.0050, -0.0078, 0.0000, 9.9618
-0.8325, -0.0050, -0.0076, 0.0000, 9.9640
-0.8327, -0.0050, -0.0075, 0.0000, 9.9807
-0.8341, -0.0050, -0.0072, 0.0000, 9.9973
-0.8355, -0.0050, -0.0068, 0.0000, 9.9998
-0.8357, -0.0050, -0.0067, 0.0000, 10.0165
-0.8369, -0.0050, -0.0063, 0.0000, 10.0187
-0.8371, -0.0050, -0.0062, 0.0000, 10.0355
-0.8382, -0.0050, -0.0057, 0.0000, 10.0520
-0.8393, -0.0050, -0.0053, 0.0000, 10.0542
-0.8394, -0.0050, -0.0052, 0.0000, 10.0709
-0.8404, -0.0050, -0.0048, 0.0000, 10.0873
-0.8413, -0.0050, -0.0044, 0.0000, 10.0905
-0.8414, -0.0050, -0.0045, 0.0000, 10.1066
-0.8423, -0.0050, -0.0047, 0.0000, 10.1098
-0.8425, -0.0050, -0.0048, 0.0000, 10.1260
-0.8436, -0.0050, -0.0054, 0.0000, 10.1281
-0.8437, -0.0050, -0.0054, 0.0000, 10.1449
-0.8448, -0.0050, -0.0056, 0.0000, 10.1614
-0.8460, -0.0050, -0.0057, 0.0000, 10.1638
-0.8461, -0.0050, -0.0056, 0.0000, 10.1805
-0.8472, -0.0050, -0.0055, 0.0000, 10.1827
-0.8474, -0.0050, -0.0055, 0.0000, 10.1994
-0.8484, -0.0050, -0.0052, 0.0000, 10.2163
-0.8495, -0.0050, -0.0056, 0.0000, 10.2195
-0.8497, -0.0050, -0.0056, 0.0001, 10.2359
-0.8509, -0.0048, -0.0056, 0.0007, 10.2381
-0.8510, -0.0048, -0.0056, 0.0008, 10.2549
-0.8521, -0.0046, -0.0055, 0.0011, 10.2571
-0.8523, -0.0046, -0.0055, 0.0011, 10.2738
-0.8533, -0.0043, -0.0052, 0.0013, 10.2903
-0.8543, -0.0040, -0.0050, 0.0014, 10.2926
-0.8544, -0.0040, -0.0049, 0.0014, 10.3093
-0.8553, -0.0037, -0.0046, 0.0014, 10.3124
-0.8555, -0.0036, -0.0046, 0.0014, 10.3289
-0.8565, -0.0034, -0.0049, 0.0014, 10.3321
-0.8567, -0.0033, -0.0050, 0.0014, 10.3484
-0.8578, -0.0030, -0.0056, 0.0014, 10.3508
-0.8579, -0.0030, -0.0057, 0.0013, 10.3673
-0.8591, -0.0028, -0.0059, 0.0013, 10.3843
-0.8604, -0.0025, -0.0066, 0.0012, 10.3864
-0.8606, -0.0025, -0.0066, 0.0012, 10.4032
-0.8620, -0.0023, -0.0068, 0.0011, 10.4054
-0.8622, -0.0022, -0.0068, 0.0011, 10.4221
-0.8635, -0.0020, -0.0068, 0.0010, 10.4388
-0.8648, -0.0018, -0.0066, 0.0009, 10.4409
-0.8650, -0.0018, -0.0065, 0.0009, 10.4577
-0.8663, -0.0017, -0.0062, 0.0008, 10.4742
-0.8674, -0.0015, -0.0059, 0.0008, 10.4766
-0.8676, -0.0015, -0.0058, 0.0008, 10.4937
-0.8688, -0.0013, -0.0060, 0.0007, 10.4959
-0.8690, -0.0013, -0.0060, 0.0007, 10.5126
-0.8702, -0.0012, -0.0060, 0.0006, 10.5148
-0.8704, -0.0012, -0.0060, 0.0006, 10.5315
-0.8715, -0.0011, -0.0058, 0.0006, 10.5479
-0.8726, -0.0010, -0.0056, 0.0005, 10.5504
-0.8728, -0.0010, -0.0055, 0.0005, 10.5668
-0.8738, -0.0009, -0.0052, 0.0005, 10.5836
-0.8748, -0.0008, -0.0049, 0.0004, 10.5867
-0.8750, -0.0008, -0.0049, 0.0004, 10.6031
-0.8760, -0.0007, -0.0052, 0.0004, 10.6200
-0.8772, -0.0006, -0.0058, 0.0003, 10.6362
-0.8784, -0.0006, -0.0061, 0.0003, 10.6528
-0.8796, -0.0005, -0.0061, 0.0003, 10.6694
-0.8808, -0.0005, -0.0060, 0.0002, 10.6715
-0.8810, -0.0005, -0.0060, 0.0002, 10.6881
-0.8821, -0.0004, -0.0058, 0.0002, 10.6905
-0.8823, -0.0004, -0.0057, 0.0002, 10.7069
-0.8833, -0.0004, -0.0054, 0.0002, 10.7236
-0.8843, -0.0003, -0.0051, 0.0002, 10.7257
-0.8845, -0.0003, -0.0050, 0.0002, 10.7428
-0.8855, -0.0003, -0.0053, 0.0002, 10.7595
-0.8866, -0.0003, -0.0053, 0.0001, 10.7619
-0.8868, -0.0003, -0.0053, 0.0001, 10.7791
-0.8878, -0.0002, -0.0052, 0.0001, 10.7815
-0.8880, -0.0002, -0.0052, 0.0001, 10.7983
-0.8890, -0.0002, -0.0049, 0.0001, 10.8006
-0.8891, -0.0002, -0.0049, 0.0001, 10.8174
-0.8900, -0.0002, -0.0046, 0.0001, 10.8205
-0.8902, -0.0002, -0.0047, 0.0001, 10.8369
-0.8912, -0.0002, -0.0050, 0.0001, 10.8395
-0.8914, -0.0002, -0.0050, 0.0001, 10.8563
-0.8924, -0.0002, -0.0050, 0.0001, 10.8586
-0.8925, -0.0002, -0.0050, 0.0001, 10.8753
-0.8935, -0.0001, -0.0049, 0.0001, 10.8922
-0.8946, -0.0001, -0.0053, 0.0001, 10.8944
-0.8947, -0.0001, -0.0054, 0.0001, 10.9111
-0.8958, -0.0001, -0.0055, 0.0001, 10.9132
-0.8960, -0.0001, -0.0055, 0.0001, 10.9299
-0.8970, -0.0001, -0.0054, 0.0001, 10.9463
-0.8981, -0.0001, -0.0052, 0.0000, 10.9487
-0.8982, -0.0001, -0.0052, 0.0000, 10.9652
-0.8992, -0.0001, -0.0049, 0.0000, 10.9819
-0.9001, -0.0001, -0.0046, 0.0000, 10.9841
-0.9002, -0.0001, -0.0046, 0.0000, 11.0008
-0.9011, -0.0001, -0.0043, 0.0000, 11.0030
-0.9012, -0.0001, -0.0042, 0.0000, 11.0197
-0.9020, -0.0001, -0.0039, 0.0000, 11.0364
-0.9027, -0.0001, -0.0036, 0.0000, 11.0385
-0.9028, -0.0001, -0.0036, 0.0000, 11.0553
-0.9035, 0.0000, -0.0033, 0.0000, 11.0722
-0.9042, 0.0000, -0.0036, 0.0000, 11.0743
-0.9043, 0.0000, -0.0036, 0.0000, 11.0910
-0.9051, 0.0000, -0.0038, 0.0000, 11.0941
-0.9052, 0.0000, -0.0039, 0.0000, 11.1104
-0.9061, 0.0000, -0.0044, 0.0000, 11.1137
-0.9062, 0.0000, -0.0046, 0.0000, 11.1301
-0.9073, 0.0000, -0.0054, 0.0000, 11.1323
-0.9075, 0.0000, -0.0055, 0.0000, 11.1491
-0.9086, 0.0000, -0.0058, 0.0000, 11.1658
-0.9098, 0.0001, -0.0059, 0.0006, 11.1825
-0.9111, 0.0003, -0.0065, 0.0010, 11.1988
-0.9124, 0.0006, -0.0067, 0.0013, 11.2153
-0.9137, 0.0008, -0.0066, 0.0014, 11.2319
-0.9150, 0.0011, -0.0065, 0.0015, 11.2352
-0.9153, 0.0012, -0.0065, 0.0015, 11.2516
-0.9166, 0.0015, -0.0068, 0.0014, 11.2538
-0.9168, 0.0015, -0.0068, 0.0014, 11.2705
-0.9182, 0.0018, -0.0068, 0.0014, 11.2728
-0.9184, 0.0018, -0.0068, 0.0014, 11.2896
-0.9197, 0.0021, -0.0066, 0.0013, 11.3063
-0.9211, 0.0023, -0.0069, 0.0012, 11.3090
-0.9213, 0.0024, -0.0069, 0.0012, 11.3257
-0.9228, 0.0026, -0.0076, 0.0011, 11.3279
-0.9231, 0.0026, -0.0076, 0.0011, 11.3446
-0.9246, 0.0029, -0.0078, 0.0011, 11.3478
-0.9249, 0.0029, -0.0079, 0.0012, 11.3643
-0.9266, 0.0032, -0.0084, 0.0017, 11.3666
-0.9268, 0.0033, -0.0084, 0.0017, 11.3833
-0.9285, 0.0037, -0.0085, 0.0020, 11.4002
-0.9303, 0.0041, -0.0090, 0.0021, 11.4027
-0.9306, 0.0042, -0.0090, 0.0021, 11.4194
-0.9324, 0.0046, -0.0090, 0.0021, 11.4224
-0.9327, 0.0047, -0.0091, 0.0021, 11.4388
-0.9346, 0.0051, -0.0095, 0.0021, 11.4418
-0.9350, 0.0051, -0.0096, 0.0021, 11.4583
-0.9370, 0.0055, -0.0101, 0.0020, 11.4605
-0.9373, 0.0056, -0.0102, 0.0020, 11.4772
-0.9393, 0.0060, -0.0102, 0.0019, 11.4937
-0.9413, 0.0063, -0.0100, 0.0017, 11.4968
-0.9416, 0.0064, -0.0101, 0.0017, 11.5132
-0.9437, 0.0067, -0.0103, 0.0016, 11.5163
-0.9440, 0.0068, -0.0104, 0.0016, 11.5327
-0.9462, 0.0070, -0.0108, 0.0015, 11.5349
-0.9465, 0.0071, -0.0108, 0.0014, 11.5516
-0.9486, 0.0073, -0.0107, 0.0013, 11.5537
-0.9489, 0.0074, -0.0107, 0.0013, 11.5705
-0.9510, 0.0076, -0.0104, 0.0012, 11.5869
-0.9530, 0.0078, -0.0099, 0.0011, 11.6037
-0.9548, 0.0080, -0.0094, 0.0010, 11.6202
-0.9566, 0.0082, -0.0088, 0.0009, 11.6368
-0.9582, 0.0084, -0.0082, 0.0008, 11.6534
-0.9597, 0.0085, -0.0075, 0.0008, 11.6563
-0.9600, 0.0086, -0.0075, 0.0007, 11.6728
-0.9615, 0.0087, -0.0075, 0.0007, 11.6748
-0.9617, 0.0087, -0.0075, 0.0007, 11.6915
-0.9631, 0.0088, -0.0073, 0.0006, 11.7080
-0.9645, 0.0089, -0.0070, 0.0005, 11.7113
-0.9647, 0.0090, -0.0070, 0.0005, 11.7274
-0.9662, 0.0091, -0.0072, 0.0005, 11.7297
-0.9664, 0.0091, -0.0072, 0.0005, 11.7462
-0.9678, 0.0092, -0.0071, 0.0004, 11.7629
-0.9692, 0.0092, -0.0069, 0.0004, 11.7654
-0.9694, 0.0093, -0.0069, 0.0004, 11.7822
-0.9707, 0.0093, -0.0065, 0.0004, 11.7843
-0.9709, 0.0093, -0.0065, 0.0003, 11.8011
-0.9721, 0.0094, -0.0061, 0.0003, 11.8180
-0.9733, 0.0095, -0.0063, 0.0003, 11.8201
-0.9735, 0.0095, -0.0063, 0.0003, 11.8369
-0.9748, 0.0095, -0.0063, 0.0003, 11.8392
-0.9749, 0.0095, -0.0062, 0.0003, 11.8559
-0.9761, 0.0096, -0.0060, 0.0002, 11.8725
-0.9773, 0.0096, -0.0058, 0.0002, 11.8890
-0.9784, 0.0096, -0.0054, 0.0002, 11.9055
-0.9794, 0.0097, -0.0051, 0.0002, 11.9222
-0.9803, 0.0097, -0.0047, 0.0002, 11.9391
-0.9813, 0.0097, -0.0050, 0.0001, 11.9412
-0.9815, 0.0097, -0.0050, 0.0001, 11.9580
-0.9825, 0.0098, -0.0050, 0.0001, 11.9611
-0.9826, 0.0098, -0.0051, 0.0001, 11.9774
-0.9837, 0.0098, -0.0056, 0.0001, 11.9796
-0.9839, 0.0098, -0.0056, 0.0001, 11.9964
-0.9850, 0.0098, -0.0057, 0.0001, 12.0129
-0.9862, 0.0098, -0.0057, 0.0001, 12.0151
-0.9863, 0.0098, -0.0057, 0.0001, 12.0318
-0.9874, 0.0098, -0.0055, 0.0001, 12.0483
-0.9885, 0.0099, -0.0052, 0.0001, 12.0505
-0.9886, 0.0099, -0.0052, 0.0001, 12.0673
-0.9896, 0.0099, -0.0049, 0.0001, 12.0696
-0.9897, 0.0099, -0.0048, 0.0001, 12.0860
-0.9906, 0.0099, -0.0045, 0.0000, 12.1028
-0.9914, 0.0099, -0.0042, 0.0000, 12.1059
-0.9916, 0.0099, -0.0041, 0.0000, 12.1223
-0.9923, 0.0099, -0.0038, 0.0000, 12.1244
-0.9924, 0.0099, -0.0037, 0.0000, 12.1411
-0.9931, 0.0099, -0.0034, 0.0000, 12.1581
-0.9937, 0.0099, -0.0031, 0.0000, 12.1602
-0.9938, 0.0099, -0.0031, 0.0000, 12.1769
-0.9944, 0.0099, -0.0028, 0.0000, 12.1791
-0.9945, 0.0099, -0.0028, 0.0000, 12.1958
-0.9950, 0.0099, -0.0026, 0.0000, 12.2127
-0.9955, 0.0099, -0.0023, 0.0000, 12.2150
-0.9955, 0.0099, -0.0023, 0.0000, 12.2320
-0.9959, 0.0099, -0.0021, 0.0000, 12.2342
-0.9960, 0.0099, -0.0020, 0.0000, 12.2509
-0.9964, 0.0099, -0.0019, 0.0000, 12.2531
-0.9964, 0.0099, -0.0018, 0.0000, 12.2698
-0.9968, 0.0099, -0.0017, 0.0000, 12.2863
-0.9971, 0.0099, -0.0015, 0.0000, 12.2898
-0.9971, 0.0099, -0.0015, 0.0000, 12.3059
-0.9974, 0.0099, -0.0013, 0.0000, 12.3081
-0.9974, 0.0099, -0.0013, 0.0000, 12.3248
-0.9977, 0.0098, -0.0012, -0.0001, 12.3417
-0.9979, 0.0098, -0.0011, -0.0001, 12.3438
-0.9979, 0.0098, -0.0011, -0.0001, 12.3605
-0.9981, 0.0098, -0.0010, -0.0001, 12.3637
-0.9981, 0.0098, -0.0010, -0.0001, 12.3801
-0.9983, 0.0098, -0.0009, -0.0001, 12.3823
-0.9983, 0.0098, -0.0009, -0.0001, 12.4219
-0.9985, 0.0098, -0.0008, -0.0001, 12.4235
-0.9987, 0.0098, -0.0007, -0.0001, 12.4401
-0.9988, 0.0098, -0.0006, -0.0001, 12.4411
-0.9988, 0.0098, -0.0006, -0.0001, 12.4578
-0.9989, 0.0097, -0.0005, -0.0001, 12.4588
-0.9989, 0.0097, -0.0005, -0.0001, 12.4756
-0.9990, 0.0097, -0.0005, -0.0001, 12.4921
-0.9991, 0.0097, -0.0004, -0.0001, 12.5087
-0.9992, 0.0097, -0.0004, 0.0000, 12.5108
-0.9992, 0.0097, -0.0004, 0.0000, 12.5274
-0.9993, 0.0097, -0.0004, 0.0000, 12.5441
-0.9993, 0.0097, -0.0003, 0.0000, 12.5461
-0.9993, 0.0097, -0.0003, 0.0000, 12.5628
-0.9994, 0.0097, -0.0003, 0.0000, 12.5794
-0.9995, 0.0097, -0.0003, 0.0000, 12.5816
-0.9995, 0.0097, -0.0003, 0.0000, 12.5984
-0.9995, 0.0097, -0.0002, 0.0000, 12.6003
-0.9995, 0.0097, -0.0002, 0.0000, 12.6171
-0.9996, 0.0097, -0.0002, 0.0000, 12.6337
-0.9996, 0.0097, -0.0002, 0.0000, 12.6356
-0.9996, 0.0097, -0.0002, 0.0000, 12.6523
-0.9996, 0.0097, -0.0002, 0.0000, 12.6690
-0.9997, 0.0097, -0.0002, 0.0000, 12.6711
-0.9997, 0.0097, -0.0002, 0.0000, 12.6876
-0.9997, 0.0096, -0.0001, 0.0000, 12.7047
