Position x, Position y, Velocity x, Velocity y
0.0000, 0.0000, 0.0000, 0.0000
0.0000, 0.0000, 0.0000, 0.0000
0.0000, 0.0000, 0.0000, 0.0000
0.0000, 0.0000, 0.0000, 0.0000
0.0000, 0.0000, 0.0000, 0.0000
0.0000, 0.0000, 0.0000, 0.0000
0.0000, 0.0000, 0.0000, 0.0000
0.0000, 0.0000, 0.0000, 0.0000
0.0000, 0.0000, 0.0000, 0.0000
0.0000, 0.0000, 0.0000, 0.0000
0.0000, 0.0000, 0.0000, 0.0000
0.0000, 0.0000, 0.0000, 0.0000
0.0000, 0.0000, 0.0000, 0.0000
0.0000, 0.0000, 0.0000, 0.0000
0.0000, 0.0000, 0.0000, 0.0000
0.0000, 0.0000, 0.0000, 0.0000
0.0000, 0.0000, 0.0000, 0.0000
0.0000, 0.0000, 0.0000, 0.0000
0.0001, 0.0000, 0.0006, 0.0000
0.0003, 0.0000, 0.0010, 0.0000
0.0006, 0.0000, 0.0013, 0.0000
0.0009, 0.0000, 0.0014, 0.0000
0.0011, 0.0000, 0.0014, 0.0000
0.0014, 0.0000, 0.0014, 0.0000
0.0017, 0.0000, 0.0014, 0.0000
0.0021, 0.0000, 0.0020, 0.0000
0.0026, 0.0000, 0.0023, 0.0000
0.0031, 0.0000, 0.0025, 0.0000
0.0037, 0.0000, 0.0031, 0.0000
0.0044, 0.0000, 0.0035, 0.0000
0.0051, 0.0000, 0.0037, 0.0000
0.0058, 0.0000, 0.0037, 0.0000
0.0065, 0.0000, 0.0036, 0.0000
0.0072, 0.0000, 0.0035, 0.0000
0.0079, 0.0000, 0.0033, 0.0000
0.0086, 0.0000, 0.0037, 0.0000
0.0094, 0.0000, 0.0039, 0.0000
0.0103, 0.0000, 0.0045, 0.0000
0.0113, 0.0000, 0.0049, 0.0000
0.0122, 0.0000, 0.0050, 0.0000
0.0133, 0.0000, 0.0055, 0.0000
0.0145, 0.0000, 0.0058, 0.0000
0.0156, 0.0000, 0.0058, 0.0000
0.0169, 0.0000, 0.0063, 0.0000
0.0182, 0.0000, 0.0064, 0.0000
0.0194, 0.0000, 0.0064, 0.0000
0.0208, 0.0000, 0.0068, 0.0000
0.0222, 0.0000, 0.0070, 0.0000
0.0235, 0.0000, 0.0069, 0.0000
0.0249, 0.0000, 0.0066, 0.0000
0.0261, 0.0000, 0.0063, 0.0000
0.0274, 0.0000, 0.0066, 0.0000
0.0289, 0.0000, 0.0072, 0.0000
0.0303, 0.0000, 0.0074, 0.0000
0.0319, 0.0000, 0.0080, 0.0000
0.0336, 0.0000, 0.0082, 0.0000
0.0353, 0.0000, 0.0088, 0.0000
0.0372, 0.0001, 0.0096, 0.0006
0.0392, 0.0003, 0.0098, 0.0010
0.0411, 0.0006, 0.0098, 0.0013
0.0431, 0.0009, 0.0101, 0.0014
0.0452, 0.0011, 0.0101, 0.0014
0.0472, 0.0014, 0.0105, 0.0014
0.0494, 0.0017, 0.0111, 0.0014
0.0517, 0.0020, 0.0112, 0.0014
0.0539, 0.0022, 0.0110, 0.0013
0.0560, 0.0025, 0.0106, 0.0012
0.0580, 0.0027, 0.0101, 0.0011
0.0600, 0.0029, 0.0101, 0.0010
0.0621, 0.0031, 0.0105, 0.0010
0.0641, 0.0033, 0.0105, 0.0009
0.0662, 0.0034, 0.0102, 0.0008
0.0681, 0.0036, 0.0098, 0.0007
0.0700, 0.0037, 0.0093, 0.0007
0.0717, 0.0038, 0.0087, 0.0006
0.0733, 0.0039, 0.0081, 0.0006
0.0749, 0.0040, 0.0081, 0.0005
0.0765, 0.0041, 0.0079, 0.0005
0.0781, 0.0042, 0.0082, 0.0004
0.0799, 0.0043, 0.0088, 0.0004
0.0817, 0.0043, 0.0090, 0.0003
0.0834, 0.0044, 0.0089, 0.0003
0.0853, 0.0045, 0.0093, 0.0003
0.0871, 0.0045, 0.0093, 0.0003
0.0891, 0.0046, 0.0097, 0.0002
0.0910, 0.0046, 0.0097, 0.0002
0.0930, 0.0046, 0.0101, 0.0002
0.0951, 0.0047, 0.0107, 0.0002
0.0974, 0.0047, 0.0115, 0.0002
0.0997, 0.0047, 0.0117, 0.0001
0.1022, 0.0048, 0.0122, 0.0001
0.1047, 0.0048, 0.0129, 0.0001
0.1074, 0.0048, 0.0136, 0.0001
0.1103, 0.0048, 0.0144, 0.0001
0.1132, 0.0048, 0.0146, 0.0001
0.1160, 0.0049, 0.0143, 0.0001
0.1188, 0.0049, 0.0138, 0.0001
0.1214, 0.0049, 0.0131, 0.0001
0.1240, 0.0049, 0.0129, 0.0001
0.1264, 0.0049, 0.0125, 0.0001
0.1289, 0.0049, 0.0125, 0.0000
0.1315, 0.0049, 0.0129, 0.0000
0.1340, 0.0049, 0.0128, 0.0000
0.1366, 0.0049, 0.0130, 0.0000
0.1393, 0.0049, 0.0135, 0.0000
0.1421, 0.0049, 0.0141, 0.0000
0.1449, 0.0050, 0.0141, 0.0000
0.1476, 0.0050, 0.0138, 0.0000
0.1504, 0.0050, 0.0139, 0.0000
0.1531, 0.0050, 0.0136, 0.0000
0.1559, 0.0050, 0.0143, 0.0000
0.1588, 0.0050, 0.0144, 0.0000
0.1616, 0.0050, 0.0141, 0.0000
0.1644, 0.0050, 0.0142, 0.0000
0.1673, 0.0050, 0.0145, 0.0000
0.1702, 0.0049, 0.0144, -0.0006
0.1730, 0.0047, 0.0140, -0.0010
0.1757, 0.0044, 0.0139, -0.0013
0.1784, 0.0041, 0.0136, -0.0014
0.1811, 0.0038, 0.0136, -0.0014
0.1838, 0.0036, 0.0133, -0.0014
0.1863, 0.0033, 0.0128, -0.0014
0.1887, 0.0030, 0.0121, -0.0013
0.1910, 0.0028, 0.0114, -0.0013
0.1931, 0.0025, 0.0106, -0.0012
0.1950, 0.0023, 0.0098, -0.0011
0.1968, 0.0021, 0.0090, -0.0010
0.1986, 0.0019, 0.0089, -0.0009
0.2003, 0.0017, 0.0086, -0.0009
0.2020, 0.0016, 0.0082, -0.0008
0.2036, 0.0014, 0.0084, -0.0007
0.2054, 0.0013, 0.0089, -0.0007
0.2072, 0.0012, 0.0090, -0.0006
0.2090, 0.0011, 0.0095, -0.0006
0.2109, 0.0010, 0.0096, -0.0005
0.2129, 0.0009, 0.0100, -0.0005
0.2151, 0.0008, 0.0107, -0.0004
0.2172, 0.0007, 0.0109, -0.0004
0.2193, 0.0007, 0.0107, -0.0003
0.2214, 0.0006, 0.0104, -0.0003
0.2234, 0.0005, 0.0099, -0.0003
0.2253, 0.0005, 0.0099, -0.0003
0.2273, 0.0004, 0.0097, -0.0002
0.2292, 0.0004, 0.0099, -0.0002
0.2312, 0.0004, 0.0098, -0.0002
0.2331, 0.0003, 0.0095, -0.0002
0.2349, 0.0003, 0.0091, -0.0002
0.2367, 0.0003, 0.0092, -0.0001
0.2386, 0.0002, 0.0097, -0.0001
0.2407, 0.0002, 0.0104, -0.0001
0.2428, 0.0002, 0.0106, -0.0001
0.2450, 0.0002, 0.0111, -0.0001
0.2472, 0.0002, 0.0111, -0.0001
0.2496, 0.0001, 0.0121, -0.0001
0.2522, 0.0001, 0.0131, -0.0001
0.2550, 0.0001, 0.0141, -0.0001
0.2581, 0.0001, 0.0156, -0.0001
0.2614, 0.0001, 0.0163, -0.0001
0.2646, 0.0001, 0.0163, 0.0000
0.2679, 0.0001, 0.0165, 0.0000
0.2714, 0.0001, 0.0175, 0.0000
0.2749, 0.0001, 0.0178, 0.0000
0.2784, 0.0001, 0.0175, 0.0000
0.2819, 0.0001, 0.0175, 0.0000
0.2853, 0.0000, 0.0170, 0.0000
0.2886, 0.0000, 0.0170, 0.0000
0.2920, 0.0000, 0.0171, 0.0000
0.2954, 0.0000, 0.0168, 0.0000
0.2986, 0.0000, 0.0161, 0.0000
0.3017, 0.0000, 0.0159, 0.0000
0.3048, 0.0000, 0.0154, 0.0000
0.3078, 0.0000, 0.0153, 0.0000
0.3109, 0.0000, 0.0155, 0.0000
0.3141, 0.0000, 0.0158, 0.0000
0.3172, 0.0000, 0.0157, 0.0000
0.3202, 0.0000, 0.0152, 0.0000
0.3231, 0.0000, 0.0145, 0.0000
0.3259, 0.0000, 0.0143, 0.0000
0.3286, 0.0000, 0.0138, 0.0000
0.3313, 0.0000, 0.0131, 0.0000
0.3338, 0.0000, 0.0130, 0.0000
0.3363, 0.0000, 0.0125, 0.0000
0.3387, 0.0000, 0.0119, 0.0000
0.3411, 0.0000, 0.0119, 0.0000
0.3434, 0.0000, 0.0115, 0.0000
0.3455, 0.0000, 0.0110, 0.0000
0.3477, 0.0000, 0.0110, 0.0000
0.3499, 0.0000, 0.0108, 0.0000
0.3519, 0.0000, 0.0103, 0.0000
0.3539, 0.0000, 0.0098, 0.0000
0.3557, 0.0000, 0.0092, 0.0000
0.3574, 0.0000, 0.0085, 0.0000
0.3591, 0.0000, 0.0085, 0.0000
0.3607, 0.0000, 0.0083, 0.0000
0.3623, 0.0000, 0.0079, 0.0000
0.3638, 0.0000, 0.0075, 0.0000
0.3654, 0.0000, 0.0083, 0.0000
0.3671, 0.0000, 0.0086, 0.0000
0.3689, -0.0001, 0.0086, -0.0006
0.3705, -0.0003, 0.0084, -0.0010
0.3721, -0.0006, 0.0080, -0.0013
0.3737, -0.0009, 0.0082, -0.0014
0.3754, -0.0011, 0.0081, -0.0014
0.3769, -0.0014, 0.0079, -0.0014
0.3784, -0.0017, 0.0075, -0.0014
0.3799, -0.0020, 0.0077, -0.0014
0.3816, -0.0022, 0.0083, -0.0013
0.3833, -0.0025, 0.0084, -0.0012
0.3849, -0.0027, 0.0083, -0.0011
0.3867, -0.0029, 0.0087, -0.0010
0.3885, -0.0031, 0.0087, -0.0009
0.3901, -0.0033, 0.0085, -0.0009
0.3919, -0.0034, 0.0088, -0.0008
0.3936, -0.0036, 0.0087, -0.0007
0.3953, -0.0037, 0.0085, -0.0007
0.3969, -0.0038, 0.0081, -0.0006
0.3985, -0.0039, 0.0077, -0.0006
0.3999, -0.0040, 0.0072, -0.0005
0.4012, -0.0041, 0.0067, -0.0005
0.4026, -0.0042, 0.0068, -0.0004
0.4039, -0.0043, 0.0067, -0.0004
0.4053, -0.0043, 0.0071, -0.0003
0.4068, -0.0044, 0.0072, -0.0003
0.4082, -0.0045, 0.0071, -0.0003
0.4096, -0.0045, 0.0074, -0.0003
0.4111, -0.0046, 0.0075, -0.0002
0.4128, -0.0046, 0.0086, -0.0002
0.4147, -0.0046, 0.0091, -0.0002
0.4166, -0.0047, 0.0099, -0.0002
0.4186, -0.0047, 0.0101, -0.0002
0.4208, -0.0047, 0.0107, -0.0001
0.4230, -0.0048, 0.0114, -0.0001
0.4254, -0.0048, 0.0122, -0.0001
0.4279, -0.0048, 0.0125, -0.0001
0.4304, -0.0048, 0.0123, -0.0001
0.4329, -0.0048, 0.0125, -0.0001
0.4353, -0.0049, 0.0124, -0.0001
0.4378, -0.0049, 0.0126, -0.0001
0.4403, -0.0049, 0.0124, -0.0001
0.4427, -0.0049, 0.0120, -0.0001
0.4451, -0.0049, 0.0120, -0.0001
0.4474, -0.0049, 0.0118, 0.0000
0.4498, -0.0049, 0.0119, 0.0000
0.4521, -0.0049, 0.0117, 0.0000
0.4544, -0.0049, 0.0113, 0.0000
0.4566, -0.0049, 0.0114, 0.0000
0.4590, -0.0049, 0.0117, 0.0000
0.4614, -0.0050, 0.0123, 0.0000
0.4639, -0.0050, 0.0124, 0.0000
0.4663, -0.0050, 0.0122, 0.0000
0.4687, -0.0050, 0.0123, 0.0000
0.4714, -0.0050, 0.0134, 0.0000
0.4741, -0.0050, 0.0137, 0.0000
0.4768, -0.0050, 0.0136, 0.0000
0.4795, -0.0050, 0.0132, 0.0000
0.4822, -0.0050, 0.0139, 0.0000
0.4850, -0.0050, 0.0140, 0.0000
0.4877, -0.0050, 0.0137, 0.0000
0.4905, -0.0050, 0.0138, 0.0000
0.4932, -0.0050, 0.0135, 0.0000
0.4959, -0.0050, 0.0136, 0.0000
0.4986, -0.0050, 0.0140, 0.0000
0.5014, -0.0050, 0.0139, 0.0000
0.5041, -0.0050, 0.0134, 0.0000
0.5067, -0.0050, 0.0134, 0.0000
0.5094, -0.0050, 0.0131, 0.0000
0.5120, -0.0050, 0.0132, 0.0000
0.5146, -0.0050, 0.0129, 0.0000
0.5173, -0.0050, 0.0137, 0.0000
0.5200, -0.0050, 0.0138, 0.0000
0.5227, -0.0050, 0.0136, 0.0000
0.5253, -0.0050, 0.0131, 0.0000
0.5278, -0.0050, 0.0124, 0.0000
0.5303, -0.0050, 0.0123, 0.0000
0.5329, -0.0050, 0.0132, 0.0000
0.5355, -0.0050, 0.0134, 0.0000
0.5382, -0.0050, 0.0133, 0.0000
0.5408, -0.0050, 0.0134, 0.0000
0.5436, -0.0050, 0.0139, 0.0000
0.5465, -0.0050, 0.0144, 0.0000
0.5493, -0.0050, 0.0144, 0.0000
0.5523, -0.0050, 0.0147, 0.0000
0.5551, -0.0050, 0.0145, 0.0000
0.5579, -0.0050, 0.0140, 0.0000
0.5606, -0.0050, 0.0134, 0.0000
0.5632, -0.0050, 0.0132, 0.0000
0.5658, -0.0050, 0.0128, 0.0000
0.5683, -0.0050, 0.0128, 0.0000
0.5708, -0.0050, 0.0125, 0.0000
0.5733, -0.0049, 0.0126, 0.0006
0.5758, -0.0047, 0.0124, 0.0010
0.5782, -0.0044, 0.0125, 0.0013
0.5807, -0.0041, 0.0123, 0.0014
0.5833, -0.0039, 0.0131, 0.0014
0.5860, -0.0036, 0.0133, 0.0014
0.5886, -0.0033, 0.0131, 0.0014
0.5912, -0.0030, 0.0133, 0.0014
0.5938, -0.0028, 0.0131, 0.0013
0.5963, -0.0025, 0.0126, 0.0012
0.5987, -0.0023, 0.0120, 0.0011
0.6010, -0.0021, 0.0113, 0.0010
0.6031, -0.0019, 0.0105, 0.0010
0.6053, -0.0017, 0.0110, 0.0009
0.6074, -0.0016, 0.0111, 0.0008
0.6096, -0.0014, 0.0108, 0.0007
0.6118, -0.0013, 0.0110, 0.0007
0.6140, -0.0012, 0.0109, 0.0006
0.6162, -0.0011, 0.0111, 0.0006
0.6185, -0.0010, 0.0116, 0.0005
0.6209, -0.0009, 0.0123, 0.0005
0.6235, -0.0008, 0.0131, 0.0004
0.6264, -0.0007, 0.0145, 0.0004
0.6294, -0.0007, 0.0151, 0.0003
0.6326, -0.0006, 0.0158, 0.0003
0.6358, -0.0005, 0.0164, 0.0003
0.6392, -0.0005, 0.0171, 0.0003
0.6426, -0.0004, 0.0171, 0.0002
0.6461, -0.0004, 0.0173, 0.0002
0.6577, -0.0003, 0.0216, 0.0002
0.6618, -0.0003, 0.0203, 0.0001
0.6656, -0.0003, 0.0190, 0.0001
0.6692, -0.0002, 0.0182, 0.0001
0.6726, -0.0002, 0.0172, 0.0001
0.6758, -0.0002, 0.0162, 0.0001
0.6789, -0.0002, 0.0157, 0.0001
0.6819, -0.0002, 0.0150, 0.0001
0.6850, -0.0001, 0.0154, 0.0001
0.6880, -0.0001, 0.0152, 0.0001
0.6909, -0.0001, 0.0148, 0.0001
0.6939, -0.0001, 0.0147, 0.0001
0.6967, -0.0001, 0.0143, 0.0001
0.6996, -0.0001, 0.0144, 0.0000
0.7024, -0.0001, 0.0140, 0.0000
0.7051, -0.0001, 0.0140, 0.0000
0.7080, -0.0001, 0.0143, 0.0000
0.7108, -0.0001, 0.0142, 0.0000
0.7135, -0.0001, 0.0137, 0.0000
0.7161, 0.0000, 0.0131, 0.0000
0.7187, 0.0000, 0.0130, 0.0000
0.7212, 0.0000, 0.0126, 0.0000
0.7236, 0.0000, 0.0120, 0.0000
0.7261, 0.0000, 0.0125, 0.0000
0.7286, 0.0000, 0.0126, 0.0000
0.7310, 0.0000, 0.0123, 0.0000
0.7335, 0.0000, 0.0125, 0.0000
0.7360, 0.0000, 0.0122, 0.0000
0.7383, 0.0000, 0.0118, 0.0000
0.7408, 0.0000, 0.0124, 0.0000
0.7433, 0.0000, 0.0126, 0.0000
0.7457, 0.0000, 0.0124, 0.0000
0.7481, 0.0000, 0.0119, 0.0000
0.7505, 0.0000, 0.0119, 0.0000
0.7529, 0.0000, 0.0123, 0.0000
0.7554, 0.0000, 0.0128, 0.0000
0.7581, 0.0000, 0.0135, 0.0000
0.7610, 0.0000, 0.0142, 0.0000
0.7639, 0.0000, 0.0150, 0.0000
0.7672, 0.0000, 0.0164, 0.0000
0.7707, 0.0000, 0.0175, 0.0000
0.7742, 0.0000, 0.0178, 0.0000
0.7778, 0.0000, 0.0182, 0.0000
0.7815, 0.0000, 0.0187, 0.0000
0.7852, 0.0000, 0.0185, 0.0000
0.7888, 0.0000, 0.0179, 0.0000
0.7923, 0.0000, 0.0177, 0.0000
0.7957, 0.0000, 0.0172, 0.0000
0.7990, 0.0000, 0.0164, 0.0000
0.8022, 0.0000, 0.0160, 0.0000
0.8054, 0.0000, 0.0160, 0.0000
0.8085, 0.0000, 0.0157, 0.0000
0.8116, 0.0000, 0.0156, 0.0000
0.8146, 0.0000, 0.0152, 0.0000
0.8175, 0.0000, 0.0146, 0.0000
0.8202, 0.0000, 0.0138, 0.0000
0.8229, 0.0000, 0.0135, 0.0000
0.8256, 0.0000, 0.0137, 0.0000
0.8284, 0.0000, 0.0140, 0.0000
0.8312, 0.0000, 0.0139, 0.0000
0.8340, 0.0000, 0.0141, 0.0000
0.8369, 0.0000, 0.0145, 0.0000
0.8400, 0.0000, 0.0157, 0.0000
0.8433, 0.0000, 0.0167, 0.0000
0.8470, 0.0000, 0.0182, 0.0000
0.8507, 0.0000, 0.0188, 0.0000
0.8544, 0.0000, 0.0187, 0.0000
0.8581, 0.0000, 0.0188, 0.0000
0.8619, 0.0000, 0.0190, 0.0000
0.8656, 0.0000, 0.0187, 0.0000
0.8693, 0.0000, 0.0186, 0.0000
0.8729, 0.0000, 0.0181, 0.0000
0.8764, 0.0000, 0.0173, 0.0000
0.8796, 0.0000, 0.0164, 0.0000
0.8828, 0.0000, 0.0160, 0.0000
0.8860, 0.0000, 0.0159, 0.0000
0.8891, 0.0000, 0.0155, 0.0000
0.8921, 0.0000, 0.0154, 0.0000
0.8952, 0.0000, 0.0157, 0.0000
0.8983, 0.0000, 0.0154, 0.0000
0.9014, 0.0000, 0.0155, 0.0000
0.9045, 0.0000, 0.0158, 0.0000
0.9076, 0.0000, 0.0156, 0.0000
0.9106, 0.0000, 0.0151, 0.0000
0.9136, 0.0000, 0.0150, 0.0000
0.9166, 0.0000, 0.0152, 0.0000
0.9196, 0.0000, 0.0149, 0.0000
0.9227, 0.0000, 0.0156, 0.0000
0.9260, 0.0000, 0.0169, 0.0000
0.9295, 0.0000, 0.0174, 0.0000
0.9331, 0.0000, 0.0179, 0.0000
0.9366, 0.0000, 0.0178, 0.0000
0.9403, 0.0000, 0.0185, 0.0000
0.9440, 0.0000, 0.0186, 0.0000
0.9477, 0.0000, 0.0188, 0.0000
0.9515, 0.0000, 0.0190, 0.0000
0.9552, 0.0000, 0.0188, 0.0000
0.9588, 0.0000, 0.0181, 0.0000
0.9622, 0.0000, 0.0172, 0.0000
0.9655, 0.0000, 0.0162, 0.0000
0.9685, 0.0000, 0.0151, 0.0000
0.9713, 0.0000, 0.0140, 0.0000
0.9738, 0.0000, 0.0130, 0.0000
0.9762, 0.0000, 0.0119, 0.0000
0.9784, 0.0000, 0.0109, 0.0000
0.9804, 0.0000, 0.0100, 0.0000
0.9822, 0.0000, 0.0091, 0.0000
0.9838, 0.0000, 0.0083, 0.0000
0.9853, 0.0000, 0.0076, 0.0000
0.9867, 0.0000, 0.0069, 0.0000
0.9879, 0.0000, 0.0063, 0.0000
0.9891, 0.0000, 0.0057, 0.0000
0.9901, 0.0000, 0.0052, 0.0000
0.9910, 0.0000, 0.0047, 0.0000
0.9919, 0.0000, 0.0042, 0.0000
0.9926, 0.0000, 0.0038, 0.0000
0.9933, 0.0000, 0.0035, 0.0000
0.9940, 0.0000, 0.0032, 0.0000
0.9945, 0.0000, 0.0029, 0.0000
0.9950, 0.0000, 0.0026, 0.0000
0.9955, 0.0000, 0.0024, 0.0000
0.9959, 0.0000, 0.0021, 0.0000
0.9963, 0.0000, 0.0019, 0.0000
0.9967, 0.0000, 0.0017, 0.0000
0.9970, 0.0000, 0.0016, 0.0000
0.9973, 0.0000, 0.0014, 0.0000
0.9975, 0.0000, 0.0013, 0.0000
0.9978, 0.0000, 0.0012, 0.0000
0.9980, 0.0000, 0.0011, 0.0000
0.9982, 0.0000, 0.0010, 0.0000
0.9983, 0.0000, 0.0009, 0.0000
0.9985, 0.0000, 0.0008, 0.0000
0.9986, 0.0000, 0.0007, 0.0000
0.9988, 0.0000, 0.0006, 0.0000
0.9989, 0.0000, 0.0006, 0.0000
0.9990, 0.0000, 0.0005, 0.0000
0.9991, 0.0000, 0.0005, 0.0000
0.9992, 0.0000, 0.0004, 0.0000
0.9992, 0.0000, 0.0004, 0.0000
