Position x, Position y, Velocity x, Velocity y
-1.0000, 0.0099, 0.0000, 0.0000, 0.0000
-1.0000, 0.0099, 0.0000, 0.0000, 0.0153
-1.0000, 0.0099, 0.0000, 0.0000, 0.0162
-1.0000, 0.0099, 0.0000, 0.0000, 0.0329
-1.0000, 0.0099, 0.0000, 0.0000, 0.0338
-1.0000, 0.0099, 0.0000, 0.0000, 0.0507
-1.0000, 0.0099, 0.0000, 0.0000, 0.0671
-1.0000, 0.0099, 0.0000, 0.0000, 0.0837
-1.0000, 0.0099, 0.0000, 0.0000, 0.0853
-1.0000, 0.0099, 0.0000, 0.0000, 0.1021
-1.0000, 0.0099, 0.0000, 0.0000, 0.1185
-1.0000, 0.0099, 0.0000, 0.0000, 0.1194
-1.0000, 0.0099, 0.0000, 0.0000, 0.1362
-1.0000, 0.0099, 0.0000, 0.0000, 0.1528
-1.0000, 0.0099, 0.0000, 0.0000, 0.1697
-1.0000, 0.0099, 0.0000, 0.0000, 0.1726
-0.9999, 0.0099, 0.0002, 0.0000, 0.1894
-0.9995, 0.0099, 0.0020, 0.0000, 0.1925
-0.9994, 0.0099, 0.0024, 0.0000, 0.2090
-0.9987, 0.0099, 0.0040, 0.0000, 0.2123
-0.9985, 0.0099, 0.0043, 0.0001, 0.2286
-0.9973, 0.0101, 0.0058, 0.0007, 0.2310
-0.9972, 0.0101, 0.0059, 0.0008, 0.2481
-0.9957, 0.0103, 0.0073, 0.0011, 0.2512
-0.9954, 0.0104, 0.0076, 0.0012, 0.2676
-0.9936, 0.0106, 0.0089, 0.0014, 0.2708
-0.9933, 0.0107, 0.0091, 0.0014, 0.2870
-0.9913, 0.0110, 0.0102, 0.0015, 0.2903
-0.9909, 0.0110, 0.0105, 0.0015, 0.3068
-0.9885, 0.0113, 0.0121, 0.0015, 0.3091
-0.9881, 0.0114, 0.0122, 0.0015, 0.3256
-0.9856, 0.0116, 0.0129, 0.0014, 0.3292
-0.9851, 0.0117, 0.0131, 0.0014, 0.3452
-0.9824, 0.0120, 0.0137, 0.0014, 0.3484
-0.9819, 0.0120, 0.0138, 0.0014, 0.3646
-0.9790, 0.0123, 0.0145, 0.0013, 0.3677
-0.9785, 0.0123, 0.0146, 0.0013, 0.3841
-0.9755, 0.0125, 0.0152, 0.0012, 0.3867
-0.9750, 0.0126, 0.0152, 0.0012, 0.4039
-0.9719, 0.0128, 0.0157, 0.0011, 0.4200
-0.9688, 0.0130, 0.0157, 0.0010, 0.4231
-0.9682, 0.0130, 0.0158, 0.0009, 0.4395
-0.9650, 0.0131, 0.0159, 0.0002, 0.4417
-0.9646, 0.0131, 0.0159, 0.0001, 0.4585
-0.9615, 0.0130, 0.0155, -0.0003, 0.4606
-0.9611, 0.0130, 0.0154, -0.0003, 0.4774
-0.9581, 0.0129, 0.0148, -0.0006, 0.4943
-0.9551, 0.0127, 0.0153, -0.0008, 0.4969
-0.9545, 0.0127, 0.0152, -0.0008, 0.5137
-0.9515, 0.0125, 0.0151, -0.0009, 0.5307
-0.9485, 0.0124, 0.0153, -0.0009, 0.5467
-0.9455, 0.0122, 0.0150, -0.0009, 0.5634
-0.9426, 0.0120, 0.0144, -0.0009, 0.5800
-0.9399, 0.0118, 0.0137, -0.0008, 0.5833
-0.9394, 0.0118, 0.0137, -0.0008, 0.5997
-0.9367, 0.0117, 0.0134, -0.0008, 0.6166
-0.9340, 0.0115, 0.0135, -0.0007, 0.6328
-0.9314, 0.0114, 0.0133, -0.0007, 0.6498
-0.9287, 0.0113, 0.0134, -0.0006, 0.6661
-0.9260, 0.0111, 0.0138, -0.0006, 0.6693
-0.9255, 0.0111, 0.0139, -0.0007, 0.6859
-0.9225, 0.0109, 0.0149, -0.0012, 0.7026
-0.9193, 0.0106, 0.0159, -0.0015, 0.7188
-0.9161, 0.0102, 0.0161, -0.0017, 0.7358
-0.9127, 0.0099, 0.0171, -0.0018, 0.7523
-0.9092, 0.0095, 0.0180, -0.0018, 0.7544
-0.9086, 0.0095, 0.0180, -0.0018, 0.7712
-0.9050, 0.0091, 0.0181, -0.0018, 0.7742
-0.9043, 0.0090, 0.0181, -0.0017, 0.7906
-0.9007, 0.0087, 0.0183, -0.0017, 0.7928
-0.9002, 0.0087, 0.0182, -0.0017, 0.8099
-0.8965, 0.0084, 0.0184, -0.0016, 0.8263
-0.8928, 0.0081, 0.0187, -0.0015, 0.8289
-0.8922, 0.0080, 0.0187, -0.0014, 0.8458
-0.8884, 0.0077, 0.0190, -0.0013, 0.8481
-0.8878, 0.0077, 0.0189, -0.0013, 0.8646
-0.8841, 0.0075, 0.0186, -0.0012, 0.8669
-0.8836, 0.0074, 0.0185, -0.0012, 0.8836
-0.8801, 0.0072, 0.0178, -0.0011, 0.9005
-0.8766, 0.0070, 0.0175, -0.0010, 0.9026
-0.8760, 0.0070, 0.0174, -0.0010, 0.9194
-0.8727, 0.0068, 0.0167, -0.0009, 0.9225
-0.8721, 0.0068, 0.0167, -0.0009, 0.9390
-0.8689, 0.0066, 0.0164, -0.0008, 0.9412
-0.8684, 0.0066, 0.0163, -0.0008, 0.9583
-0.8651, 0.0064, 0.0163, -0.0007, 0.9745
-0.8620, 0.0063, 0.0159, -0.0007, 0.9777
-0.8614, 0.0063, 0.0159, -0.0007, 0.9941
-0.8583, 0.0062, 0.0158, -0.0006, 0.9964
-0.8578, 0.0061, 0.0157, -0.0006, 1.0132
-0.8548, 0.0060, 0.0152, -0.0005, 1.0154
-0.8543, 0.0060, 0.0151, -0.0005, 1.0322
-0.8515, 0.0059, 0.0144, -0.0005, 1.0487
-0.8488, 0.0058, 0.0135, -0.0004, 1.0519
-0.8483, 0.0058, 0.0136, -0.0004, 1.0684
-0.8456, 0.0057, 0.0138, -0.0004, 1.0708
-0.8451, 0.0057, 0.0138, -0.0004, 1.0878
-0.8423, 0.0057, 0.0142, -0.0003, 1.0903
-0.8418, 0.0056, 0.0142, -0.0003, 1.1068
-0.8390, 0.0056, 0.0141, -0.0003, 1.1099
-0.8385, 0.0056, 0.0141, -0.0003, 1.1262
-0.8357, 0.0055, 0.0142, -0.0003, 1.1295
-0.8352, 0.0055, 0.0143, -0.0003, 1.1456
-0.8323, 0.0055, 0.0145, -0.0002, 1.1480
-0.8319, 0.0055, 0.0145, -0.0002, 1.1645
-0.8291, 0.0054, 0.0143, -0.0002, 1.1812
-0.8263, 0.0054, 0.0138, -0.0002, 1.1836
-0.8259, 0.0054, 0.0137, -0.0002, 1.2007
-0.8232, 0.0053, 0.0136, -0.0002, 1.2169
-0.8206, 0.0053, 0.0132, -0.0002, 1.2191
-0.8202, 0.0053, 0.0131, -0.0002, 1.2359
-0.8177, 0.0053, 0.0125, -0.0001, 1.2390
-0.8173, 0.0053, 0.0125, -0.0001, 1.2554
-0.8148, 0.0052, 0.0124, -0.0001, 1.2576
-0.8144, 0.0052, 0.0123, -0.0001, 1.2744
-0.8121, 0.0052, 0.0119, -0.0001, 1.2913
-0.8097, 0.0052, 0.0119, -0.0001, 1.3077
-0.8073, 0.0052, 0.0123, -0.0001, 1.3240
-0.8048, 0.0052, 0.0122, -0.0001, 1.3410
-0.8023, 0.0051, 0.0125, -0.0001, 1.3572
-0.7999, 0.0051, 0.0124, -0.0001, 1.3604
-0.7994, 0.0051, 0.0124, -0.0001, 1.3768
-0.7969, 0.0051, 0.0126, -0.0001, 1.3799
-0.7965, 0.0051, 0.0127, -0.0001, 1.3964
-0.7939, 0.0051, 0.0130, -0.0001, 1.3995
-0.7934, 0.0051, 0.0131, -0.0001, 1.4159
-0.7907, 0.0051, 0.0135, 0.0000, 1.4191
-0.7902, 0.0051, 0.0136, 0.0000, 1.4355
-0.7874, 0.0051, 0.0141, 0.0000, 1.4385
-0.7869, 0.0051, 0.0141, -0.0001, 1.4553
-0.7840, 0.0049, 0.0146, -0.0007, 1.4719
-0.7810, 0.0047, 0.0153, -0.0011, 1.4884
-0.7778, 0.0044, 0.0159, -0.0013, 1.5046
-0.7747, 0.0042, 0.0160, -0.0014, 1.5216
-0.7714, 0.0039, 0.0162, -0.0015, 1.5381
-0.7681, 0.0036, 0.0166, -0.0015, 1.5543
-0.7649, 0.0033, 0.0165, -0.0014, 1.5710
-0.7617, 0.0030, 0.0160, -0.0014, 1.5873
-0.7586, 0.0028, 0.0152, -0.0013, 1.5896
-0.7583, 0.0027, 0.0151, -0.0013, 1.6061
-0.7554, 0.0025, 0.0142, -0.0012, 1.6228
-0.7528, 0.0023, 0.0133, -0.0011, 1.6250
-0.7524, 0.0022, 0.0132, -0.0011, 1.6421
-0.7498, 0.0020, 0.0128, -0.0010, 1.6583
-0.7474, 0.0019, 0.0123, -0.0009, 1.6608
-0.7470, 0.0018, 0.0122, -0.0009, 1.6776
-0.7447, 0.0017, 0.0115, -0.0008, 1.6807
-0.7443, 0.0016, 0.0115, -0.0008, 1.6971
-0.7421, 0.0015, 0.0113, -0.0008, 1.7003
-0.7417, 0.0015, 0.0114, -0.0007, 1.7167
-0.7394, 0.0013, 0.0115, -0.0007, 1.7198
-0.7390, 0.0013, 0.0116, -0.0007, 1.7362
-0.7366, 0.0012, 0.0120, -0.0006, 1.7385
-0.7362, 0.0012, 0.0120, -0.0006, 1.7556
-0.7337, 0.0010, 0.0125, -0.0005, 1.7580
-0.7333, 0.0010, 0.0125, -0.0005, 1.7747
-0.7308, 0.0009, 0.0125, -0.0005, 1.7777
-0.7304, 0.0009, 0.0126, -0.0005, 1.7941
-0.7278, 0.0008, 0.0128, -0.0004, 1.8110
-0.7252, 0.0008, 0.0133, -0.0004, 1.8274
-0.7225, 0.0006, 0.0139, -0.0010, 1.8441
-0.7196, 0.0003, 0.0145, -0.0013, 1.8604
-0.7167, 0.0000, 0.0146, -0.0016, 1.8773
-0.7137, -0.0003, 0.0150, -0.0017, 1.8939
-0.7106, -0.0007, 0.0154, -0.0017, 1.9100
-0.7076, -0.0010, 0.0154, -0.0017, 1.9265
-0.7046, -0.0013, 0.0149, -0.0016, 1.9435
-0.7016, -0.0016, 0.0149, -0.0015, 1.9461
-0.7011, -0.0017, 0.0148, -0.0015, 1.9628
-0.6982, -0.0020, 0.0144, -0.0014, 1.9661
-0.6977, -0.0020, 0.0144, -0.0014, 1.9825
-0.6948, -0.0023, 0.0143, -0.0013, 1.9855
-0.6943, -0.0023, 0.0143, -0.0013, 2.0020
-0.6914, -0.0026, 0.0145, -0.0012, 2.0044
-0.6910, -0.0026, 0.0144, -0.0012, 2.0211
-0.6882, -0.0028, 0.0141, -0.0011, 2.0233
-0.6878, -0.0029, 0.0140, -0.0011, 2.0403
-0.6850, -0.0031, 0.0141, -0.0010, 2.0566
-0.6823, -0.0032, 0.0138, -0.0009, 2.0590
-0.6818, -0.0033, 0.0137, -0.0009, 2.0757
-0.6792, -0.0034, 0.0131, -0.0008, 2.0781
-0.6788, -0.0034, 0.0130, -0.0008, 2.0948
-0.6764, -0.0036, 0.0123, -0.0007, 2.1118
-0.6740, -0.0037, 0.0121, -0.0007, 2.1139
-0.6736, -0.0037, 0.0120, -0.0007, 2.1307
-0.6713, -0.0039, 0.0116, -0.0006, 2.1329
-0.6710, -0.0039, 0.0115, -0.0006, 2.1497
-0.6688, -0.0040, 0.0109, -0.0005, 2.1529
-0.6684, -0.0040, 0.0109, -0.0005, 2.1693
-0.6662, -0.0041, 0.0108, -0.0005, 2.1716
-0.6659, -0.0041, 0.0108, -0.0005, 2.1927
-0.6633, -0.0042, 0.0111, -0.0004, 2.2048
-0.6615, -0.0043, 0.0110, -0.0004, 2.2070
-0.6612, -0.0043, 0.0109, -0.0004, 2.2238
-0.6591, -0.0043, 0.0106, -0.0003, 2.2406
-0.6570, -0.0044, 0.0107, -0.0003, 2.2572
-0.6548, -0.0045, 0.0111, -0.0003, 2.2734
-0.6526, -0.0045, 0.0111, -0.0003, 2.2901
-0.6504, -0.0046, 0.0109, -0.0002, 2.3065
-0.6483, -0.0046, 0.0104, -0.0002, 2.3088
-0.6481, -0.0046, 0.0104, -0.0002, 2.3252
-0.6461, -0.0046, 0.0098, -0.0002, 2.3419
-0.6443, -0.0047, 0.0092, -0.0002, 2.3588
-0.6425, -0.0047, 0.0092, -0.0002, 2.3754
-0.6406, -0.0047, 0.0095, -0.0001, 2.3920
-0.6386, -0.0048, 0.0102, -0.0001, 2.4082
-0.6365, -0.0048, 0.0104, -0.0001, 2.4105
-0.6362, -0.0048, 0.0103, -0.0001, 2.4274
-0.6341, -0.0048, 0.0108, -0.0001, 2.4308
-0.6336, -0.0048, 0.0109, -0.0001, 2.4469
-0.6313, -0.0048, 0.0115, -0.0001, 2.4501
-0.6310, -0.0048, 0.0116, -0.0001, 2.4662
-0.6285, -0.0048, 0.0122, -0.0001, 2.4686
-0.6282, -0.0048, 0.0122, -0.0001, 2.4850
-0.6258, -0.0049, 0.0123, -0.0001, 2.5018
-0.6234, -0.0049, 0.0121, -0.0001, 2.5041
-0.6230, -0.0049, 0.0120, -0.0001, 2.5209
-0.6207, -0.0049, 0.0115, -0.0001, 2.5231
-0.6204, -0.0049, 0.0114, -0.0001, 2.5399
-0.6182, -0.0049, 0.0108, -0.0001, 2.5568
-0.6161, -0.0049, 0.0107, 0.0000, 2.5589
-0.6158, -0.0049, 0.0107, 0.0000, 2.5756
-0.6137, -0.0049, 0.0103, 0.0000, 2.5778
-0.6134, -0.0049, 0.0103, 0.0000, 2.5945
-0.6115, -0.0049, 0.0098, 0.0000, 2.6115
-0.6095, -0.0049, 0.0098, 0.0000, 2.6136
-0.6092, -0.0049, 0.0098, 0.0000, 2.6307
-0.6072, -0.0049, 0.0102, 0.0000, 2.6331
-0.6068, -0.0049, 0.0102, 0.0000, 2.6498
-0.6048, -0.0049, 0.0101, 0.0000, 2.6519
-0.6045, -0.0050, 0.0101, 0.0000, 2.6686
-0.6026, -0.0050, 0.0098, 0.0000, 2.6854
-0.6007, -0.0051, 0.0094, -0.0006, 2.6879
-0.6004, -0.0051, 0.0093, -0.0007, 2.7047
-0.5986, -0.0053, 0.0094, -0.0011, 2.7068
-0.5983, -0.0054, 0.0093, -0.0011, 2.7235
-0.5965, -0.0056, 0.0091, -0.0013, 2.7401
-0.5947, -0.0059, 0.0088, -0.0014, 2.7570
-0.5930, -0.0062, 0.0089, -0.0015, 2.7732
-0.5912, -0.0065, 0.0088, -0.0015, 2.7901
-0.5894, -0.0068, 0.0092, -0.0014, 2.8066
-0.5874, -0.0070, 0.0098, -0.0013, 2.8098
-0.5871, -0.0071, 0.0098, -0.0014, 2.8259
-0.5851, -0.0075, 0.0099, -0.0020, 2.8297
-0.5848, -0.0075, 0.0100, -0.0020, 2.8453
-0.5827, -0.0080, 0.0104, -0.0023, 2.8477
-0.5824, -0.0080, 0.0104, -0.0023, 2.8641
-0.5804, -0.0085, 0.0103, -0.0024, 2.8811
-0.5781, -0.0090, 0.0113, -0.0024, 2.8834
-0.5777, -0.0091, 0.0114, -0.0024, 2.9001
-0.5754, -0.0095, 0.0117, -0.0023, 2.9034
-0.5750, -0.0096, 0.0118, -0.0023, 2.9198
-0.5725, -0.0101, 0.0122, -0.0022, 2.9220
-0.5722, -0.0101, 0.0122, -0.0022, 2.9388
-0.5698, -0.0105, 0.0122, -0.0021, 2.9410
-0.5694, -0.0106, 0.0121, -0.0021, 2.9582
-0.5670, -0.0110, 0.0124, -0.0019, 2.9746
-0.5644, -0.0113, 0.0129, -0.0018, 2.9769
-0.5640, -0.0114, 0.0129, -0.0018, 2.9938
-0.5614, -0.0117, 0.0128, -0.0016, 2.9968
-0.5610, -0.0118, 0.0129, -0.0016, 3.0132
-0.5584, -0.0121, 0.0131, -0.0015, 3.0154
-0.5580, -0.0121, 0.0131, -0.0015, 3.0322
-0.5554, -0.0124, 0.0128, -0.0013, 3.0487
-0.5530, -0.0126, 0.0124, -0.0012, 3.0509
-0.5526, -0.0127, 0.0123, -0.0012, 3.0677
-0.5503, -0.0129, 0.0116, -0.0011, 3.0701
-0.5500, -0.0129, 0.0115, -0.0011, 3.0867
-0.5478, -0.0131, 0.0108, -0.0010, 3.1034
-0.5458, -0.0133, 0.0101, -0.0009, 3.1055
-0.5455, -0.0133, 0.0100, -0.0009, 3.1223
-0.5437, -0.0135, 0.0092, -0.0008, 3.1244
-0.5434, -0.0135, 0.0091, -0.0008, 3.1412
-0.5418, -0.0136, 0.0084, -0.0007, 3.1577
-0.5403, -0.0138, 0.0077, -0.0006, 3.1599
-0.5400, -0.0138, 0.0076, -0.0006, 3.1766
-0.5387, -0.0139, 0.0069, -0.0006, 3.1932
-0.5374, -0.0140, 0.0063, -0.0005, 3.2098
-0.5361, -0.0142, 0.0064, -0.0011, 3.2113
-0.5360, -0.0142, 0.0064, -0.0011, 3.2280
-0.5347, -0.0145, 0.0063, -0.0015, 3.2312
-0.5345, -0.0146, 0.0063, -0.0015, 3.2474
-0.5332, -0.0149, 0.0067, -0.0017, 3.2506
-0.5330, -0.0150, 0.0068, -0.0017, 3.2668
-0.5315, -0.0153, 0.0074, -0.0018, 3.2700
-0.5313, -0.0154, 0.0075, -0.0018, 3.2861
-0.5296, -0.0157, 0.0083, -0.0017, 3.3028
-0.5279, -0.0161, 0.0086, -0.0017, 3.3060
-0.5276, -0.0161, 0.0087, -0.0017, 3.3223
-0.5258, -0.0164, 0.0093, -0.0016, 3.3392
-0.5238, -0.0167, 0.0100, -0.0015, 3.3555
-0.5217, -0.0170, 0.0103, -0.0014, 3.3720
-0.5197, -0.0173, 0.0102, -0.0013, 3.3890
-0.5176, -0.0175, 0.0105, -0.0012, 3.4053
-0.5154, -0.0178, 0.0111, -0.0011, 3.4218
-0.5132, -0.0180, 0.0112, -0.0010, 3.4387
-0.5109, -0.0181, 0.0116, -0.0009, 3.4552
-0.5085, -0.0183, 0.0122, -0.0009, 3.4573
-0.5081, -0.0183, 0.0122, -0.0008, 3.4745
-0.5055, -0.0185, 0.0129, -0.0008, 3.4766
-0.5051, -0.0185, 0.0129, -0.0008, 3.4933
-0.5025, -0.0187, 0.0130, -0.0007, 3.5099
-0.5000, -0.0188, 0.0127, -0.0006, 3.5120
-0.4996, -0.0188, 0.0127, -0.0006, 3.5287
-0.4972, -0.0189, 0.0121, -0.0006, 3.5325
-0.4967, -0.0189, 0.0121, -0.0006, 3.5490
-0.4942, -0.0190, 0.0127, -0.0005, 3.5501
-0.4939, -0.0190, 0.0127, -0.0005, 3.5668
-0.4914, -0.0191, 0.0127, -0.0005, 3.5839
-0.4888, -0.0192, 0.0130, -0.0004, 3.5860
-0.4884, -0.0192, 0.0130, -0.0004, 3.6028
-0.4858, -0.0193, 0.0128, -0.0004, 3.6051
-0.4855, -0.0193, 0.0128, -0.0004, 3.6224
-0.4830, -0.0194, 0.0123, -0.0003, 3.6383
-0.4807, -0.0194, 0.0117, -0.0003, 3.6406
-0.4804, -0.0194, 0.0116, -0.0003, 3.6573
-0.4782, -0.0195, 0.0109, -0.0003, 3.6739
-0.4762, -0.0195, 0.0102, -0.0002, 3.6760
-0.4759, -0.0196, 0.0101, -0.0002, 3.6927
-0.4740, -0.0196, 0.0093, -0.0002, 3.6954
-0.4737, -0.0196, 0.0092, -0.0002, 3.7122
-0.4720, -0.0196, 0.0085, -0.0002, 3.7144
-0.4718, -0.0196, 0.0084, -0.0002, 3.7312
-0.4702, -0.0197, 0.0077, -0.0002, 3.7477
-0.4688, -0.0197, 0.0070, -0.0002, 3.7499
-0.4687, -0.0197, 0.0069, -0.0002, 3.7665
-0.4674, -0.0197, 0.0063, -0.0001, 3.7833
-0.4662, -0.0198, 0.0058, -0.0001, 3.7855
-0.4661, -0.0198, 0.0057, -0.0001, 3.8022
-0.4650, -0.0198, 0.0052, -0.0001, 3.8044
-0.4649, -0.0198, 0.0051, -0.0001, 3.8212
-0.4640, -0.0198, 0.0047, -0.0001, 3.8377
-0.4631, -0.0198, 0.0042, -0.0001, 3.8401
-0.4630, -0.0198, 0.0042, -0.0001, 3.8572
-0.4621, -0.0198, 0.0044, -0.0001, 3.8604
-0.4620, -0.0199, 0.0044, -0.0002, 3.8767
-0.4611, -0.0200, 0.0044, -0.0008, 3.8798
-0.4609, -0.0200, 0.0045, -0.0008, 3.8962
-0.4599, -0.0203, 0.0050, -0.0012, 3.8983
-0.4598, -0.0203, 0.0050, -0.0012, 3.9151
-0.4587, -0.0206, 0.0052, -0.0014, 3.9316
-0.4577, -0.0209, 0.0052, -0.0015, 3.9338
-0.4576, -0.0209, 0.0052, -0.0015, 3.9506
-0.4566, -0.0212, 0.0050, -0.0015, 3.9528
-0.4564, -0.0213, 0.0050, -0.0015, 3.9695
-0.4555, -0.0216, 0.0048, -0.0015, 3.9860
-0.4546, -0.0218, 0.0045, -0.0014, 3.9882
-0.4545, -0.0219, 0.0044, -0.0014, 4.0046
-0.4537, -0.0221, 0.0041, -0.0013, 4.0214
-0.4529, -0.0224, 0.0038, -0.0012, 4.0245
-0.4527, -0.0224, 0.0039, -0.0012, 4.0410
-0.4519, -0.0226, 0.0042, -0.0011, 4.0442
-0.4518, -0.0227, 0.0043, -0.0011, 4.0607
-0.4508, -0.0229, 0.0050, -0.0010, 4.0634
-0.4506, -0.0229, 0.0050, -0.0010, 4.0802
-0.4495, -0.0231, 0.0053, -0.0009, 4.0967
-0.4483, -0.0233, 0.0060, -0.0009, 4.0981
-0.4482, -0.0233, 0.0060, -0.0009, 4.1146
-0.4470, -0.0236, 0.0063, -0.0014, 4.1157
-0.4469, -0.0236, 0.0063, -0.0015, 4.1324
-0.4457, -0.0240, 0.0063, -0.0018, 4.1493
-0.4443, -0.0244, 0.0068, -0.0019, 4.1654
-0.4429, -0.0247, 0.0069, -0.0020, 4.1678
-0.4427, -0.0248, 0.0069, -0.0020, 4.1843
-0.4414, -0.0252, 0.0068, -0.0020, 4.2010
-0.4401, -0.0256, 0.0066, -0.0019, 4.2032
-0.4399, -0.0256, 0.0066, -0.0019, 4.2200
-0.4386, -0.0260, 0.0062, -0.0018, 4.2225
-0.4384, -0.0261, 0.0062, -0.0018, 4.2391
-0.4373, -0.0264, 0.0058, -0.0017, 4.2562
-0.4361, -0.0267, 0.0060, -0.0016, 4.2585
-0.4359, -0.0268, 0.0060, -0.0016, 4.2751
-0.4347, -0.0270, 0.0060, -0.0014, 4.2761
-0.4346, -0.0271, 0.0060, -0.0014, 4.2928
-0.4334, -0.0273, 0.0058, -0.0013, 4.2938
-0.4334, -0.0273, 0.0058, -0.0013, 4.3106
-0.4323, -0.0276, 0.0055, -0.0012, 4.3129
-0.4321, -0.0276, 0.0055, -0.0012, 4.3297
-0.4311, -0.0278, 0.0052, -0.0011, 4.3318
-0.4309, -0.0279, 0.0051, -0.0011, 4.3485
-0.4300, -0.0281, 0.0048, -0.0010, 4.3649
-0.4291, -0.0282, 0.0044, -0.0009, 4.3682
-0.4289, -0.0283, 0.0045, -0.0009, 4.3843
-0.4280, -0.0284, 0.0047, -0.0008, 4.3864
-0.4279, -0.0285, 0.0047, -0.0008, 4.4032
-0.4269, -0.0286, 0.0048, -0.0007, 4.4200
-0.4259, -0.0287, 0.0053, -0.0007, 4.4222
-0.4257, -0.0288, 0.0053, -0.0006, 4.4390
-0.4246, -0.0289, 0.0055, -0.0006, 4.4410
-0.4245, -0.0289, 0.0055, -0.0006, 4.4581
-0.4233, -0.0290, 0.0061, -0.0005, 4.4743
-0.4220, -0.0291, 0.0064, -0.0005, 4.4767
-0.4218, -0.0291, 0.0064, -0.0005, 4.4935
-0.4205, -0.0292, 0.0063, -0.0004, 4.4965
-0.4203, -0.0292, 0.0064, -0.0004, 4.5129
-0.4190, -0.0293, 0.0068, -0.0004, 4.5153
-0.4188, -0.0293, 0.0068, -0.0004, 4.5320
-0.4174, -0.0294, 0.0069, -0.0003, 4.5486
-0.4160, -0.0294, 0.0068, -0.0003, 4.5518
-0.4158, -0.0294, 0.0068, -0.0003, 4.5682
-0.4144, -0.0295, 0.0072, -0.0003, 4.5714
-0.4141, -0.0295, 0.0073, -0.0003, 4.5878
-0.4125, -0.0295, 0.0079, -0.0002, 4.6049
-0.4109, -0.0296, 0.0081, -0.0002, 4.6220
-0.4092, -0.0296, 0.0086, -0.0002, 4.6382
-0.4074, -0.0297, 0.0088, -0.0002, 4.6405
-0.4072, -0.0297, 0.0087, -0.0002, 4.6576
-0.4053, -0.0297, 0.0092, -0.0002, 4.6738
-0.4035, -0.0297, 0.0093, -0.0001, 4.6761
-0.4032, -0.0297, 0.0093, -0.0001, 4.6929
-0.4014, -0.0298, 0.0091, -0.0001, 4.6965
-0.4010, -0.0298, 0.0093, -0.0001, 4.7128
-0.3990, -0.0298, 0.0101, -0.0001, 4.7150
-0.3987, -0.0298, 0.0101, -0.0001, 4.7318
-0.3967, -0.0298, 0.0103, -0.0001, 4.7341
-0.3964, -0.0298, 0.0103, -0.0001, 4.7509
-0.3943, -0.0298, 0.0102, -0.0001, 4.7677
-0.3923, -0.0298, 0.0104, -0.0001, 4.7700
-0.3919, -0.0298, 0.0104, -0.0001, 4.7864
-0.3899, -0.0299, 0.0103, -0.0001, 4.7888
-0.3896, -0.0299, 0.0103, -0.0001, 4.8052
-0.3876, -0.0299, 0.0099, -0.0001, 4.8226
-0.3858, -0.0299, 0.0095, -0.0001, 4.8388
-0.3839, -0.0299, 0.0095, -0.0001, 4.8550
-0.3820, -0.0299, 0.0093, 0.0000, 4.8719
-0.3801, -0.0299, 0.0096, 0.0000, 4.8882
-0.3782, -0.0299, 0.0095, 0.0000, 4.8903
-0.3779, -0.0299, 0.0095, 0.0000, 4.9070
-0.3761, -0.0299, 0.0092, 0.0000, 4.9236
-0.3744, -0.0299, 0.0088, 0.0000, 4.9258
-0.3741, -0.0299, 0.0087, 0.0000, 4.9426
-0.3725, -0.0299, 0.0082, 0.0000, 4.9592
-0.3710, -0.0300, 0.0077, 0.0000, 4.9761
-0.3694, -0.0300, 0.0077, 0.0000, 4.9922
-0.3679, -0.0300, 0.0076, 0.0000, 5.0089
-0.3665, -0.0300, 0.0073, 0.0000, 5.0253
-0.3651, -0.0300, 0.0069, 0.0000, 5.0276
-0.3649, -0.0300, 0.0069, 0.0000, 5.0441
-0.3636, -0.0300, 0.0064, 0.0000, 5.0464
-0.3635, -0.0300, 0.0064, 0.0000, 5.0636
-0.3621, -0.0300, 0.0066, 0.0000, 5.0798
-0.3609, -0.0300, 0.0065, 0.0000, 5.0821
-0.3607, -0.0300, 0.0065, 0.0000, 5.0989
-0.3594, -0.0300, 0.0063, 0.0000, 5.1024
-0.3591, -0.0300, 0.0064, 0.0000, 5.1188
-0.3578, -0.0300, 0.0066, 0.0000, 5.1210
-0.3576, -0.0300, 0.0066, 0.0000, 5.1378
-0.3563, -0.0300, 0.0066, 0.0000, 5.1546
-0.3549, -0.0300, 0.0071, 0.0000, 5.1567
-0.3547, -0.0300, 0.0071, 0.0000, 5.1735
-0.3533, -0.0300, 0.0072, 0.0000, 5.1765
-0.3530, -0.0300, 0.0073, 0.0000, 5.1929
-0.3515, -0.0300, 0.0077, 0.0000, 5.1951
-0.3513, -0.0300, 0.0077, 0.0000, 5.2119
-0.3497, -0.0300, 0.0078, 0.0000, 5.2284
-0.3482, -0.0300, 0.0077, 0.0000, 5.2305
-0.3480, -0.0300, 0.0076, 0.0000, 5.2471
-0.3465, -0.0300, 0.0073, 0.0000, 5.2638
-0.3451, -0.0300, 0.0070, 0.0000, 5.2808
-0.3437, -0.0300, 0.0072, 0.0000, 5.2973
-0.3422, -0.0300, 0.0077, 0.0000, 5.3138
-0.3405, -0.0300, 0.0085, 0.0000, 5.3301
-0.3387, -0.0300, 0.0089, 0.0000, 5.3333
-0.3384, -0.0300, 0.0090, 0.0000, 5.3497
-0.3365, -0.0300, 0.0095, 0.0000, 5.3664
-0.3344, -0.0300, 0.0103, 0.0000, 5.3828
-0.3323, -0.0300, 0.0105, 0.0000, 5.3997
-0.3301, -0.0300, 0.0111, 0.0000, 5.4160
-0.3279, -0.0300, 0.0111, 0.0000, 5.4328
-0.3256, -0.0300, 0.0115, 0.0000, 5.4491
-0.3233, -0.0300, 0.0115, 0.0000, 5.4655
-0.3211, -0.0300, 0.0112, 0.0000, 5.4826
-0.3188, -0.0300, 0.0114, 0.0000, 5.4857
-0.3184, -0.0300, 0.0115, 0.0000, 5.5021
-0.3160, -0.0300, 0.0118, 0.0000, 5.5042
-0.3157, -0.0300, 0.0118, 0.0000, 5.5212
-0.3133, -0.0300, 0.0123, 0.0000, 5.5234
-0.3129, -0.0300, 0.0123, 0.0000, 5.5402
-0.3104, -0.0300, 0.0123, 0.0000, 5.5567
-0.3080, -0.0300, 0.0120, 0.0000, 5.5591
-0.3077, -0.0300, 0.0120, 0.0000, 5.5758
-0.3054, -0.0300, 0.0114, 0.0000, 5.5782
-0.3050, -0.0300, 0.0113, 0.0000, 5.5950
-0.3029, -0.0300, 0.0107, 0.0000, 5.5983
-0.3025, -0.0300, 0.0107, 0.0000, 5.6147
-0.3004, -0.0300, 0.0106, 0.0000, 5.6179
-0.3000, -0.0300, 0.0107, 0.0000, 5.6343
-0.2977, -0.0300, 0.0115, 0.0000, 5.6366
-0.2974, -0.0300, 0.0116, 0.0000, 5.6534
-0.2951, -0.0300, 0.0118, 0.0000, 5.6699
-0.2927, -0.0300, 0.0116, 0.0000, 5.6729
-0.2924, -0.0300, 0.0116, 0.0000, 5.6893
-0.2900, -0.0300, 0.0118, 0.0000, 5.6924
-0.2896, -0.0300, 0.0119, 0.0000, 5.7089
-0.2871, -0.0300, 0.0122, 0.0000, 5.7120
-0.2867, -0.0300, 0.0123, 0.0000, 5.7285
-0.2842, -0.0300, 0.0128, 0.0000, 5.7318
-0.2837, -0.0300, 0.0129, 0.0000, 5.7486
-0.2809, -0.0300, 0.0141, 0.0000, 5.7507
-0.2804, -0.0300, 0.0141, 0.0000, 5.7673
-0.2775, -0.0300, 0.0145, 0.0000, 5.7706
-0.2770, -0.0300, 0.0146, 0.0000, 5.7867
-0.2741, -0.0300, 0.0150, 0.0000, 5.7899
-0.2736, -0.0300, 0.0150, 0.0000, 5.8060
-0.2705, -0.0300, 0.0155, 0.0000, 5.8084
-0.2701, -0.0300, 0.0155, 0.0000, 5.8252
-0.2669, -0.0300, 0.0159, 0.0000, 5.8416
-0.2638, -0.0300, 0.0159, 0.0000, 5.8436
-0.2633, -0.0300, 0.0158, 0.0000, 5.8604
-0.2603, -0.0300, 0.0153, 0.0000, 5.8773
-0.2572, -0.0300, 0.0153, 0.0000, 5.8795
-0.2568, -0.0300, 0.0152, 0.0000, 5.8962
-0.2538, -0.0300, 0.0147, 0.0000, 5.8994
-0.2533, -0.0300, 0.0146, -0.0001, 5.9158
-0.2505, -0.0301, 0.0139, -0.0007, 5.9189
-0.2500, -0.0302, 0.0139, -0.0008, 5.9353
-0.2473, -0.0304, 0.0136, -0.0011, 5.9384
-0.2468, -0.0304, 0.0136, -0.0011, 5.9549
-0.2441, -0.0307, 0.0137, -0.0013, 5.9571
-0.2437, -0.0307, 0.0137, -0.0013, 5.9739
-0.2411, -0.0310, 0.0133, -0.0014, 5.9760
-0.2407, -0.0311, 0.0132, -0.0014, 5.9928
-0.2382, -0.0313, 0.0127, -0.0014, 6.0096
-0.2357, -0.0316, 0.0126, -0.0014, 6.0118
-0.2353, -0.0317, 0.0125, -0.0014, 6.0286
-0.2329, -0.0319, 0.0121, -0.0014, 6.0308
-0.2325, -0.0320, 0.0121, -0.0013, 6.0474
-0.2302, -0.0322, 0.0115, -0.0013, 6.0646
-0.2281, -0.0326, 0.0108, -0.0018, 6.0811
-0.2260, -0.0330, 0.0107, -0.0021, 6.0976
-0.2238, -0.0335, 0.0110, -0.0023, 6.1142
-0.2215, -0.0339, 0.0116, -0.0023, 6.1304
-0.2191, -0.0344, 0.0116, -0.0023, 6.1324
-0.2188, -0.0345, 0.0116, -0.0023, 6.1492
-0.2166, -0.0349, 0.0113, -0.0022, 6.1656
-0.2144, -0.0353, 0.0109, -0.0021, 6.1680
-0.2141, -0.0354, 0.0108, -0.0021, 6.1843
-0.2121, -0.0358, 0.0102, -0.0020, 6.2011
-0.2102, -0.0362, 0.0096, -0.0018, 6.2034
-0.2099, -0.0362, 0.0095, -0.0018, 6.2202
-0.2082, -0.0365, 0.0088, -0.0017, 6.2233
-0.2078, -0.0366, 0.0088, -0.0017, 6.2397
-0.2061, -0.0369, 0.0087, -0.0015, 6.2419
-0.2059, -0.0370, 0.0087, -0.0015, 6.2586
-0.2042, -0.0372, 0.0084, -0.0014, 6.2755
-0.2025, -0.0375, 0.0086, -0.0013, 6.2776
-0.2022, -0.0375, 0.0086, -0.0013, 6.2944
-0.2005, -0.0378, 0.0085, -0.0011, 6.2974
-0.2002, -0.0378, 0.0086, -0.0011, 6.3140
-0.1985, -0.0380, 0.0089, -0.0010, 6.3308
-0.1966, -0.0382, 0.0095, -0.0009, 6.3469
-0.1947, -0.0384, 0.0096, -0.0009, 6.3635
-0.1928, -0.0385, 0.0095, -0.0008, 6.3806
-0.1908, -0.0388, 0.0098, -0.0013, 6.3970
-0.1889, -0.0391, 0.0098, -0.0017, 6.4136
-0.1869, -0.0395, 0.0101, -0.0018, 6.4302
-0.1847, -0.0398, 0.0107, -0.0019, 6.4462
-0.1826, -0.0402, 0.0109, -0.0019, 6.4630
-0.1804, -0.0406, 0.0107, -0.0019, 6.4651
-0.1801, -0.0407, 0.0106, -0.0019, 6.4818
-0.1781, -0.0410, 0.0102, -0.0018, 6.4850
-0.1777, -0.0411, 0.0103, -0.0018, 6.5014
-0.1757, -0.0414, 0.0103, -0.0017, 6.5039
-0.1754, -0.0415, 0.0103, -0.0017, 6.5207
-0.1734, -0.0418, 0.0100, -0.0015, 6.5372
-0.1715, -0.0421, 0.0096, -0.0014, 6.5402
-0.1711, -0.0421, 0.0096, -0.0014, 6.5570
-0.1691, -0.0424, 0.0103, -0.0013, 6.5594
-0.1687, -0.0424, 0.0103, -0.0013, 6.5762
-0.1666, -0.0426, 0.0105, -0.0012, 6.5784
-0.1663, -0.0427, 0.0105, -0.0012, 6.5955
-0.1642, -0.0429, 0.0109, -0.0011, 6.5977
-0.1638, -0.0429, 0.0109, -0.0011, 6.6144
-0.1617, -0.0431, 0.0109, -0.0010, 6.6310
-0.1596, -0.0433, 0.0106, -0.0009, 6.6332
-0.1593, -0.0433, 0.0105, -0.0009, 6.6503
-0.1571, -0.0435, 0.0107, -0.0008, 6.6525
-0.1568, -0.0435, 0.0106, -0.0008, 6.6692
-0.1547, -0.0436, 0.0104, -0.0007, 6.6724
-0.1543, -0.0437, 0.0105, -0.0007, 6.6887
-0.1522, -0.0438, 0.0107, -0.0006, 6.6910
-0.1519, -0.0438, 0.0106, -0.0006, 6.7078
-0.1498, -0.0439, 0.0105, -0.0006, 6.7242
-0.1478, -0.0440, 0.0101, -0.0005, 6.7264
-0.1476, -0.0440, 0.0100, -0.0005, 6.7431
-0.1457, -0.0441, 0.0095, -0.0005, 6.7597
-0.1439, -0.0442, 0.0089, -0.0004, 6.7766
-0.1421, -0.0443, 0.0089, -0.0004, 6.7928
-0.1404, -0.0444, 0.0087, -0.0003, 6.8098
-0.1386, -0.0444, 0.0090, -0.0003, 6.8259
-0.1368, -0.0445, 0.0089, -0.0003, 6.8282
-0.1366, -0.0445, 0.0089, -0.0003, 6.8447
-0.1349, -0.0445, 0.0086, -0.0002, 6.8614
-0.1332, -0.0446, 0.0082, -0.0002, 6.8782
-0.1314, -0.0446, 0.0090, -0.0002, 6.8945
-0.1296, -0.0446, 0.0093, -0.0002, 6.9111
-0.1277, -0.0447, 0.0093, -0.0002, 6.9280
-0.1258, -0.0447, 0.0097, -0.0002, 6.9304
-0.1255, -0.0447, 0.0097, -0.0001, 6.9469
-0.1236, -0.0447, 0.0096, -0.0001, 6.9504
-0.1232, -0.0447, 0.0097, -0.0001, 6.9665
-0.1212, -0.0448, 0.0100, -0.0001, 6.9700
-0.1209, -0.0448, 0.0101, -0.0001, 6.9861
-0.1188, -0.0448, 0.0106, -0.0001, 6.9885
-0.1185, -0.0448, 0.0106, -0.0001, 7.0050
-0.1164, -0.0448, 0.0106, -0.0001, 7.0071
-0.1161, -0.0448, 0.0106, -0.0001, 7.0239
-0.1140, -0.0448, 0.0103, -0.0001, 7.0404
-0.1121, -0.0449, 0.0099, -0.0001, 7.0418
-0.1119, -0.0449, 0.0099, -0.0001, 7.0585
-0.1099, -0.0449, 0.0100, -0.0001, 7.0751
-0.1080, -0.0449, 0.0098, -0.0001, 7.0917
-0.1061, -0.0449, 0.0094, -0.0001, 7.0947
-0.1058, -0.0449, 0.0094, -0.0001, 7.1111
-0.1039, -0.0449, 0.0095, -0.0001, 7.1136
-0.1036, -0.0449, 0.0095, 0.0000, 7.1304
-0.1018, -0.0449, 0.0093, 0.0000, 7.1328
-0.1015, -0.0449, 0.0092, 0.0000, 7.1495
-0.0997, -0.0449, 0.0088, 0.0000, 7.1659
-0.0980, -0.0449, 0.0083, 0.0000, 7.1683
-0.0978, -0.0449, 0.0083, 0.0000, 7.1847
-0.0963, -0.0449, 0.0077, 0.0000, 7.1870
-0.0961, -0.0449, 0.0077, 0.0000, 7.2039
-0.0947, -0.0449, 0.0071, 0.0000, 7.2203
-0.0933, -0.0450, 0.0066, 0.0000, 7.2235
-0.0931, -0.0450, 0.0066, 0.0000, 7.2402
-0.0917, -0.0450, 0.0073, 0.0000, 7.2424
-0.0914, -0.0450, 0.0073, 0.0000, 7.2592
-0.0899, -0.0450, 0.0076, 0.0000, 7.2614
-0.0897, -0.0450, 0.0076, 0.0000, 7.2780
-0.0882, -0.0450, 0.0075, 0.0000, 7.2946
-0.0868, -0.0450, 0.0073, 0.0000, 7.2971
-0.0865, -0.0450, 0.0072, 0.0000, 7.3138
-0.0852, -0.0450, 0.0069, 0.0000, 7.3160
-0.0850, -0.0450, 0.0068, 0.0000, 7.3331
-0.0836, -0.0450, 0.0071, 0.0000, 7.3494
-0.0822, -0.0450, 0.0070, 0.0000, 7.3517
-0.0820, -0.0450, 0.0070, 0.0000, 7.3686
-0.0806, -0.0450, 0.0068, 0.0000, 7.3707
-0.0804, -0.0450, 0.0067, 0.0000, 7.3873
-0.0791, -0.0450, 0.0064, 0.0000, 7.4045
-0.0778, -0.0450, 0.0067, 0.0000, 7.4210
-0.0764, -0.0450, 0.0073, 0.0000, 7.4372
-0.0749, -0.0450, 0.0075, 0.0000, 7.4542
-0.0732, -0.0450, 0.0081, 0.0000, 7.4704
-0.0716, -0.0450, 0.0083, 0.0000, 7.4726
-0.0714, -0.0450, 0.0083, 0.0000, 7.4894
-0.0697, -0.0450, 0.0082, 0.0000, 7.5057
-0.0681, -0.0450, 0.0079, 0.0000, 7.5082
-0.0679, -0.0450, 0.0079, 0.0000, 7.5246
-0.0664, -0.0450, 0.0075, 0.0000, 7.5276
-0.0662, -0.0450, 0.0075, 0.0000, 7.5440
-0.0647, -0.0450, 0.0077, 0.0000, 7.5605
-0.0632, -0.0450, 0.0076, 0.0000, 7.5631
-0.0629, -0.0450, 0.0075, 0.0000, 7.5801
-0.0614, -0.0450, 0.0079, 0.0000, 7.5825
-0.0611, -0.0450, 0.0079, 0.0000, 7.5992
-0.0595, -0.0450, 0.0079, 0.0000, 7.6009
-0.0593, -0.0450, 0.0079, 0.0000, 7.6177
-0.0578, -0.0450, 0.0077, 0.0000, 7.6345
-0.0562, -0.0450, 0.0080, 0.0000, 7.6367
-0.0560, -0.0450, 0.0080, 0.0000, 7.6534
-0.0544, -0.0450, 0.0079, 0.0000, 7.6700
-0.0529, -0.0450, 0.0077, 0.0000, 7.6732
-0.0526, -0.0450, 0.0078, 0.0000, 7.6896
-0.0510, -0.0450, 0.0080, 0.0000, 7.6919
-0.0508, -0.0450, 0.0080, 0.0000, 7.7087
-0.0492, -0.0450, 0.0079, 0.0000, 7.7108
-0.0490, -0.0450, 0.0079, 0.0000, 7.7274
-0.0474, -0.0450, 0.0076, 0.0000, 7.7441
-0.0460, -0.0450, 0.0073, 0.0000, 7.7473
-0.0457, -0.0450, 0.0074, 0.0000, 7.7636
-0.0441, -0.0450, 0.0082, 0.0000, 7.7668
-0.0438, -0.0450, 0.0083, 0.0000, 7.7832
-0.0420, -0.0450, 0.0091, 0.0000, 7.7864
-0.0417, -0.0450, 0.0093, 0.0000, 7.8029
-0.0396, -0.0450, 0.0102, 0.0000, 7.8198
-0.0374, -0.0450, 0.0111, 0.0000, 7.8360
-0.0351, -0.0450, 0.0115, 0.0000, 7.8530
-0.0328, -0.0450, 0.0120, 0.0000, 7.8691
-0.0303, -0.0450, 0.0121, 0.0000, 7.8713
-0.0300, -0.0450, 0.0121, 0.0000, 7.8881
-0.0277, -0.0450, 0.0118, 0.0000, 7.8904
-0.0273, -0.0450, 0.0117, 0.0000, 7.9069
-0.0251, -0.0450, 0.0112, 0.0000, 7.9236
-0.0230, -0.0450, 0.0106, 0.0000, 7.9260
-0.0226, -0.0450, 0.0105, 0.0000, 7.9428
-0.0207, -0.0450, 0.0099, 0.0000, 7.9451
-0.0204, -0.0450, 0.0097, 0.0000, 7.9619
-0.0186, -0.0450, 0.0091, 0.0000, 7.9788
-0.0168, -0.0450, 0.0090, 0.0000, 7.9810
-0.0165, -0.0450, 0.0089, 0.0000, 7.9977
-0.0148, -0.0450, 0.0087, 0.0000, 7.9999
-0.0146, -0.0450, 0.0086, 0.0000, 8.0166
-0.0129, -0.0450, 0.0082, 0.0000, 8.0332
-0.0114, -0.0450, 0.0077, 0.0000, 8.0363
-0.0111, -0.0450, 0.0077, 0.0000, 8.0527
-0.0096, -0.0450, 0.0078, 0.0000, 8.0551
-0.0093, -0.0450, 0.0078, 0.0000, 8.0720
-0.0078, -0.0450, 0.0076, 0.0000, 8.0752
-0.0075, -0.0450, 0.0077, 0.0000, 8.0920
-0.0058, -0.0450, 0.0085, 0.0000, 8.0944
-0.0055, -0.0450, 0.0086, 0.0000, 8.1111
-0.0038, -0.0450, 0.0089, 0.0000, 8.1282
-0.0019, -0.0450, 0.0095, 0.0000, 8.1441
0.0001, -0.0450, 0.0097, 0.0000, 8.1608
0.0020, -0.0450, 0.0096, 0.0000, 8.1774
0.0038, -0.0450, 0.0093, 0.0000, 8.1796
0.0041, -0.0450, 0.0092, 0.0000, 8.1968
0.0061, -0.0450, 0.0100, 0.0000, 8.2133
0.0081, -0.0450, 0.0103, 0.0000, 8.2156
0.0085, -0.0450, 0.0103, 0.0000, 8.2324
0.0105, -0.0450, 0.0102, 0.0000, 8.2348
0.0108, -0.0450, 0.0101, 0.0000, 8.2515
0.0127, -0.0450, 0.0098, 0.0000, 8.2537
0.0130, -0.0450, 0.0097, 0.0000, 8.2704
0.0149, -0.0450, 0.0092, 0.0000, 8.2869
0.0166, -0.0450, 0.0087, 0.0000, 8.2892
0.0168, -0.0450, 0.0086, 0.0000, 8.3057
0.0184, -0.0450, 0.0080, 0.0000, 8.3228
0.0200, -0.0450, 0.0080, 0.0000, 8.3248
0.0202, -0.0450, 0.0080, 0.0000, 8.3416
0.0218, -0.0450, 0.0078, 0.0000, 8.3438
0.0220, -0.0450, 0.0078, 0.0000, 8.3608
0.0236, -0.0450, 0.0081, 0.0000, 8.3771
0.0252, -0.0450, 0.0081, 0.0000, 8.3791
0.0255, -0.0450, 0.0080, 0.0000, 8.3959
0.0270, -0.0450, 0.0078, 0.0000, 8.3986
0.0273, -0.0450, 0.0077, 0.0000, 8.4153
0.0287, -0.0450, 0.0074, 0.0000, 8.4175
0.0289, -0.0450, 0.0073, 0.0000, 8.4390
0.0303, -0.0450, 0.0069, 0.0000, 8.4512
0.0317, -0.0450, 0.0071, 0.0000, 8.4534
0.0320, -0.0450, 0.0070, 0.0000, 8.4704
0.0335, -0.0450, 0.0076, 0.0000, 8.4726
0.0337, -0.0450, 0.0076, 0.0000, 8.4893
0.0352, -0.0450, 0.0077, 0.0000, 8.5061
0.0369, -0.0450, 0.0082, 0.0000, 8.5085
0.0371, -0.0450, 0.0083, 0.0000, 8.5249
0.0388, -0.0450, 0.0084, 0.0000, 8.5282
0.0391, -0.0450, 0.0084, 0.0000, 8.5442
0.0408, -0.0450, 0.0089, 0.0000, 8.5473
0.0411, -0.0450, 0.0090, 0.0000, 8.5638
0.0430, -0.0450, 0.0096, 0.0000, 8.5660
0.0433, -0.0450, 0.0096, 0.0000, 8.5828
0.0453, -0.0450, 0.0097, 0.0000, 8.5994
0.0472, -0.0450, 0.0096, 0.0000, 8.6164
0.0491, -0.0450, 0.0099, 0.0000, 8.6325
0.0511, -0.0450, 0.0098, 0.0000, 8.6490
0.0530, -0.0450, 0.0095, 0.0000, 8.6658
0.0549, -0.0450, 0.0097, 0.0000, 8.6681
0.0552, -0.0450, 0.0097, 0.0000, 8.6846
0.0571, -0.0450, 0.0096, 0.0000, 8.7017
0.0591, -0.0450, 0.0099, 0.0000, 8.7178
0.0610, -0.0450, 0.0098, 0.0000, 8.7344
0.0629, -0.0450, 0.0095, 0.0000, 8.7526
0.0649, -0.0450, 0.0097, 0.0000, 8.7674
0.0668, -0.0450, 0.0096, 0.0000, 8.7698
0.0670, -0.0450, 0.0096, 0.0000, 8.7862
0.0689, -0.0450, 0.0093, 0.0000, 8.8029
0.0706, -0.0450, 0.0088, 0.0000, 8.8051
0.0709, -0.0450, 0.0088, 0.0000, 8.8218
0.0725, -0.0450, 0.0082, 0.0000, 8.8239
0.0727, -0.0450, 0.0081, 0.0000, 8.8407
0.0743, -0.0450, 0.0076, 0.0000, 8.8573
0.0757, -0.0450, 0.0070, 0.0000, 8.8597
0.0759, -0.0450, 0.0069, 0.0000, 8.8764
0.0771, -0.0450, 0.0064, 0.0000, 8.8786
0.0773, -0.0450, 0.0063, 0.0000, 8.8954
0.0785, -0.0450, 0.0058, 0.0000, 8.9119
0.0795, -0.0450, 0.0053, 0.0000, 8.9142
0.0797, -0.0450, 0.0052, 0.0000, 8.9310
0.0806, -0.0450, 0.0048, 0.0000, 8.9332
0.0808, -0.0450, 0.0047, 0.0000, 8.9499
0.0816, -0.0450, 0.0043, 0.0000, 8.9663
0.0824, -0.0450, 0.0039, 0.0000, 8.9686
0.0825, -0.0450, 0.0039, 0.0000, 8.9850
0.0832, -0.0450, 0.0035, 0.0000, 9.0018
0.0838, -0.0450, 0.0032, 0.0000, 9.0040
0.0839, -0.0450, 0.0032, 0.0000, 9.0208
0.0845, -0.0450, 0.0029, 0.0000, 9.0230
0.0846, -0.0450, 0.0028, 0.0000, 9.0397
0.0851, -0.0450, 0.0026, 0.0000, 9.0564
